,CustomerId,Recency,Frequency,Monetary,R_Score,F_Score,M_Score,RFM_Score,Segment,Cluster,Churned
0,12346,326,12,77556.46,2,5,5,255,At Risk,1,True
1,12347,2,8,4921.53,5,4,5,545,Champions,1,False
2,12348,75,5,2019.4,3,4,4,344,Loyal Customers,1,False
3,12349,19,4,4428.69,5,3,5,535,Potential Loyalists,1,False
4,12350,310,1,334.4,2,1,2,212,Hibernating,0,True
5,12351,375,1,300.93,2,1,2,212,Hibernating,0,True
6,12352,36,10,2849.84,4,5,4,454,Champions,1,False
7,12353,204,2,406.76,2,2,2,222,At Risk,1,True
8,12354,232,1,1079.4,2,1,3,213,Others,1,True
9,12355,214,2,947.61,2,2,3,223,At Risk,1,True
10,12356,23,6,6371.73,4,4,5,445,Champions,1,False
11,12357,33,3,18287.66,4,3,5,435,Potential Loyalists,1,False
12,12358,2,5,3887.07,5,4,5,545,Champions,1,False
13,12359,58,10,8873.39,4,5,5,455,Champions,1,False
14,12360,52,8,4252.89,4,4,5,445,Champions,1,False
15,12361,287,4,511.25,2,3,2,232,At Risk,0,True
16,12362,3,11,5356.23,5,5,5,555,Champions,1,False
17,12363,110,2,552.0,3,2,2,322,Potential Loyalists,1,False
18,12364,8,4,1313.1,5,3,4,534,Potential Loyalists,1,False
19,12365,291,2,641.38,2,2,3,223,At Risk,0,True
20,12366,634,1,500.24,1,1,2,112,Hibernating,0,True
21,12367,4,1,168.9,5,1,1,511,Recent Customers,1,False
22,12368,628,1,917.6999999999999,1,1,3,113,Others,0,True
23,12369,413,3,1791.15,1,3,4,134,At Risk,0,True
24,12370,51,7,4316.56,4,4,5,445,Champions,1,False
25,12371,45,5,4067.38,4,4,5,445,Champions,1,False
26,12372,72,3,1298.04,3,3,4,334,Potential Loyalists,1,False
27,12373,311,3,1127.65,2,3,3,233,At Risk,0,True
28,12374,25,4,2989.2200000000003,4,3,5,435,Potential Loyalists,1,False
29,12375,11,2,457.5,5,2,2,522,Potential Loyalists,1,False
30,12376,390,2,503.15,2,2,2,222,At Risk,0,True
31,12377,315,4,3426.32,2,3,5,235,At Risk,0,True
32,12378,130,2,5416.32,3,2,5,325,Potential Loyalists,1,False
33,12379,82,4,1620.22,3,3,4,334,Potential Loyalists,1,False
34,12380,22,11,9676.300000000001,4,5,5,455,Champions,1,False
35,12381,5,5,1845.31,5,4,4,544,Champions,1,False
36,12383,185,5,1850.56,3,4,4,344,Loyal Customers,1,True
37,12384,29,2,585.27,4,2,2,422,Potential Loyalists,1,False
38,12385,379,1,1938.4,2,1,4,214,Others,0,True
39,12386,338,2,401.9,2,2,2,222,At Risk,0,True
40,12387,415,1,143.94,1,1,1,111,Hibernating,0,True
41,12388,16,8,3901.11,5,4,5,545,Champions,1,False
42,12389,403,3,1433.33,2,3,4,234,At Risk,0,True
43,12390,80,1,549.84,3,1,2,312,Promising,1,False
44,12391,22,6,2724.84,4,4,4,444,Champions,1,False
45,12392,591,1,234.75000000000003,1,1,1,111,Hibernating,0,True
46,12393,72,6,2399.4500000000003,3,4,4,344,Loyal Customers,1,False
47,12394,64,2,1272.48,3,2,4,324,Potential Loyalists,1,False
48,12395,19,15,4721.17,5,5,5,555,Champions,1,False
49,12396,674,1,931.43,1,1,3,113,Others,0,True
50,12397,36,2,2409.9,4,2,4,424,Potential Loyalists,1,False
51,12398,46,1,1635.6599999999999,4,1,4,414,Recent Customers,1,False
52,12399,119,7,1962.3,3,4,4,344,Loyal Customers,1,False
53,12400,414,1,205.25,1,1,1,111,Hibernating,0,True
54,12401,303,1,84.3,2,1,1,211,Hibernating,0,True
55,12402,323,6,1256.9,2,4,4,244,At Risk,0,True
56,12403,50,2,1019.36,4,2,3,423,Potential Loyalists,1,False
57,12404,682,1,63.24,1,1,1,111,Hibernating,0,True
58,12405,149,1,1710.39,3,1,4,314,Promising,1,False
59,12406,22,5,6390.36,4,4,5,445,Champions,1,False
60,12407,50,5,1708.1200000000001,4,4,4,444,Champions,1,False
61,12408,33,8,4340.7699999999995,4,4,5,445,Champions,1,False
62,12409,79,7,23419.29,3,4,5,345,Loyal Customers,1,False
63,12410,309,3,1013.71,2,3,3,233,At Risk,0,True
64,12411,410,1,346.9,2,1,2,212,Hibernating,0,True
65,12412,75,6,2596.93,3,4,4,344,Loyal Customers,1,False
66,12413,67,4,999.45,3,3,3,333,Potential Loyalists,1,False
67,12414,217,6,952.41,2,4,3,243,At Risk,1,True
68,12415,24,28,144458.37,4,5,5,455,Champions,2,False
69,12416,657,1,202.56,1,1,1,111,Hibernating,0,True
70,12417,3,20,6797.41,5,5,5,555,Champions,1,False
71,12418,113,4,2021.2,3,3,4,334,Potential Loyalists,1,False
72,12419,386,2,503.01,2,2,2,222,At Risk,0,True
73,12420,64,1,600.39,3,1,2,312,Promising,1,False
74,12421,16,6,1098.6,5,4,3,543,Loyal Customers,1,False
75,12422,96,17,5231.8,3,5,5,355,Loyal Customers,1,False
76,12423,1,10,2622.39,5,5,4,554,Champions,1,False
77,12424,163,4,3340.03,3,3,5,335,Potential Loyalists,1,False
78,12425,78,2,1741.41,3,2,4,324,Potential Loyalists,1,False
79,12426,195,2,1345.21,2,2,4,224,At Risk,1,True
80,12427,22,3,825.8,4,3,3,433,Potential Loyalists,1,False
81,12428,26,9,7956.46,4,5,5,455,Champions,1,False
82,12429,9,8,6204.41,5,4,5,545,Champions,1,False
83,12430,43,1,256.4,4,1,1,411,Recent Customers,1,False
84,12431,36,27,10432.22,4,5,5,455,Champions,1,False
85,12432,43,5,5059.32,4,4,5,445,Champions,1,False
86,12433,1,10,16794.14,5,5,5,555,Champions,1,False
87,12434,85,3,1103.43,3,3,3,333,Potential Loyalists,1,False
88,12435,80,6,13925.93,3,4,5,345,Loyal Customers,1,False
89,12436,100,1,509.01,3,1,2,312,Promising,1,False
90,12437,2,39,12683.4,5,5,5,555,Champions,1,False
91,12438,14,2,2906.85,5,2,4,524,Potential Loyalists,1,False
92,12439,683,2,1142.88,1,2,3,123,At Risk,0,True
93,12440,462,2,859.2,1,2,3,123,At Risk,0,True
94,12441,367,1,173.55,2,1,1,211,Hibernating,0,True
95,12442,3,1,172.06,5,1,1,511,Recent Customers,1,False
96,12443,732,1,485.31,1,1,2,112,Hibernating,0,True
97,12444,21,5,5005.46,4,4,5,445,Champions,1,False
98,12445,22,2,434.98,4,2,2,422,Potential Loyalists,1,False
99,12446,58,1,1002.3100000000001,4,1,3,413,Recent Customers,1,False
100,12447,243,1,476.49,2,1,2,212,Hibernating,1,True
101,12448,44,1,449.45,4,1,2,412,Recent Customers,1,False
102,12449,22,6,4835.89,4,4,5,445,Champions,1,False
103,12450,156,5,688.2,3,4,3,343,Loyal Customers,1,False
104,12451,11,8,12669.88,5,4,5,545,Champions,1,False
105,12452,17,2,430.57,5,2,2,522,Potential Loyalists,1,False
106,12453,134,1,707.09,3,1,3,313,Promising,1,False
107,12454,56,5,16679.78,4,4,5,445,Champions,1,False
108,12455,73,10,5879.95,3,5,5,355,Loyal Customers,1,False
109,12456,44,3,3181.04,4,3,5,435,Potential Loyalists,1,False
110,12457,66,8,2995.91,3,4,5,345,Loyal Customers,1,False
111,12458,71,4,1777.49,3,3,4,334,Potential Loyalists,1,False
112,12459,605,1,454.36,1,1,2,112,Hibernating,0,True
113,12460,456,1,326.65,1,1,2,112,Hibernating,0,True
114,12461,94,2,826.88,3,2,3,323,Potential Loyalists,1,False
115,12462,19,2,1189.59,5,2,3,523,Potential Loyalists,1,False
116,12463,53,4,1344.78,4,3,4,434,Potential Loyalists,1,False
117,12464,10,8,1212.05,5,4,3,543,Loyal Customers,1,False
118,12465,17,2,742.1899999999999,5,2,3,523,Potential Loyalists,1,False
119,12466,682,1,56.73,1,1,1,111,Hibernating,0,True
120,12467,423,1,132.8,1,1,1,111,Hibernating,0,True
121,12468,188,5,3670.74,3,4,5,345,Loyal Customers,1,True
122,12469,523,2,3070.54,1,2,5,125,At Risk,0,True
123,12470,690,1,211.95,1,1,1,111,Hibernating,0,True
124,12471,2,79,39918.19,5,5,5,555,Champions,2,False
125,12472,32,19,16249.289999999999,4,5,5,455,Champions,1,False
126,12473,29,5,3928.0499999999997,4,4,5,445,Champions,1,False
127,12474,17,31,12372.75,5,5,5,555,Champions,1,False
128,12475,54,2,1149.64,4,2,3,423,Potential Loyalists,1,False
129,12476,16,23,14083.91,5,5,5,555,Champions,1,False
130,12477,23,9,20276.37,4,5,5,455,Champions,1,False
131,12478,4,1,680.99,5,1,3,513,Recent Customers,1,False
132,12479,11,1,527.2,5,1,2,512,Recent Customers,1,False
133,12480,28,7,5464.85,4,4,5,445,Champions,1,False
134,12481,23,15,12185.51,4,5,5,455,Champions,1,False
135,12482,576,29,23691.4,1,5,5,155,At Risk,0,True
136,12483,17,19,5097.18,5,5,5,555,Champions,1,False
137,12484,33,12,6354.1,4,5,5,455,Champions,1,False
138,12485,529,1,708.1,1,1,3,113,Others,0,True
139,12486,432,1,1037.28,1,1,3,113,Others,0,True
140,12487,731,1,285.29999999999995,1,1,1,111,Hibernating,0,True
141,12488,10,3,1298.66,5,3,4,534,Potential Loyalists,1,False
142,12489,336,1,334.93,2,1,2,212,Hibernating,0,True
143,12490,5,21,9823.64,5,5,5,555,Champions,1,False
144,12491,39,1,460.40000000000003,4,1,2,412,Recent Customers,1,False
145,12492,63,3,715.21,3,3,3,333,Potential Loyalists,1,False
146,12493,166,2,433.74,3,2,2,322,Potential Loyalists,1,False
147,12494,16,9,1815.27,5,5,4,554,Champions,1,False
148,12495,641,1,357.4,1,1,2,112,Hibernating,0,True
149,12496,620,2,45.34,1,2,1,121,Hibernating,0,True
150,12497,82,3,6248.5,3,3,5,335,Potential Loyalists,1,False
151,12498,21,3,403.70000000000005,4,3,2,432,Potential Loyalists,1,False
152,12499,560,1,393.72,1,1,2,112,Hibernating,0,True
153,12500,23,19,5955.21,4,5,5,455,Champions,1,False
154,12501,337,1,2169.39,2,1,4,214,Others,0,True
155,12502,96,5,3723.87,3,4,5,345,Loyal Customers,1,False
156,12503,584,1,1126.0,1,1,3,113,Others,0,True
157,12504,18,4,779.05,5,3,3,533,Potential Loyalists,1,False
158,12505,409,1,955.2,2,1,3,213,Others,0,True
159,12506,233,1,73.5,2,1,1,211,Hibernating,1,True
160,12507,134,4,1844.06,3,3,4,334,Potential Loyalists,1,False
161,12508,26,2,397.88,4,2,2,422,Potential Loyalists,1,False
162,12509,284,1,176.5,2,1,1,211,Hibernating,0,True
163,12510,143,9,5178.02,3,5,5,355,Loyal Customers,1,False
164,12511,429,1,3084.02,1,1,5,115,Others,0,True
165,12512,66,2,132.18,3,2,1,321,Potential Loyalists,1,False
166,12513,113,1,612.29,3,1,3,313,Promising,1,False
167,12514,267,2,1597.76,2,2,4,224,At Risk,0,True
168,12515,353,1,383.7,2,1,2,212,Hibernating,0,True
169,12516,78,4,2648.62,3,3,4,334,Potential Loyalists,1,False
170,12517,28,5,2481.6,4,4,4,444,Champions,1,False
171,12518,1,5,2056.89,5,4,4,544,Champions,1,False
172,12519,64,2,716.54,3,2,3,323,Potential Loyalists,1,False
173,12520,79,5,2634.26,3,4,4,344,Loyal Customers,1,False
174,12521,143,1,599.68,3,1,2,312,Promising,1,False
175,12522,39,2,192.72,4,2,1,421,Potential Loyalists,1,False
176,12523,19,23,4352.35,5,5,5,555,Champions,1,False
177,12524,9,17,11126.11,5,5,5,555,Champions,1,False
178,12525,498,3,973.73,1,3,3,133,At Risk,0,True
179,12526,1,3,1316.66,5,3,4,534,Potential Loyalists,1,False
180,12527,82,5,735.51,3,4,3,343,Loyal Customers,1,False
181,12528,9,6,1933.48,5,4,4,544,Champions,1,False
182,12529,528,1,316.48,1,1,2,112,Hibernating,0,True
183,12530,60,9,3759.26,3,5,5,355,Loyal Customers,1,False
184,12531,15,2,1933.2,5,2,4,524,Potential Loyalists,1,False
185,12532,30,1,349.83000000000004,4,1,2,412,Recent Customers,1,False
186,12533,628,2,1367.89,1,2,4,124,At Risk,0,True
187,12534,131,1,1089.18,3,1,3,313,Promising,1,False
188,12535,92,2,716.35,3,2,3,323,Potential Loyalists,1,False
189,12536,43,3,12601.830000000002,4,3,5,435,Potential Loyalists,1,False
190,12537,409,1,732.94,2,1,3,213,Others,0,True
191,12538,29,2,640.45,4,2,3,423,Potential Loyalists,1,False
192,12539,22,7,11214.75,4,4,5,445,Champions,1,False
193,12540,20,33,22254.49,4,5,5,455,Champions,1,False
194,12541,30,3,981.18,4,3,3,433,Potential Loyalists,1,False
195,12542,484,2,481.88,1,2,2,122,At Risk,0,True
196,12543,448,1,980.25,1,1,3,113,Others,0,True
197,12544,36,1,372.7,4,1,2,412,Recent Customers,1,False
198,12545,75,2,1000.39,3,2,3,323,Potential Loyalists,1,False
199,12546,47,2,1161.5,4,2,3,423,Potential Loyalists,1,False
200,12547,198,3,383.58,2,3,2,232,At Risk,1,True
201,12548,166,1,95.19999999999999,3,1,1,311,Promising,1,False
202,12549,576,6,1575.68,1,4,4,144,At Risk,0,True
203,12550,79,1,964.83,3,1,3,313,Promising,1,False
204,12551,358,1,168.0,2,1,1,211,Hibernating,0,True
205,12552,39,2,437.82,4,2,2,422,Potential Loyalists,1,False
206,12553,8,12,4608.75,5,5,5,555,Champions,1,False
207,12554,449,1,468.5,1,1,2,112,Hibernating,0,True
208,12555,682,1,129.23,1,1,1,111,Hibernating,0,True
209,12556,50,2,599.56,4,2,2,422,Potential Loyalists,1,False
210,12557,16,8,18096.14,5,4,5,545,Champions,1,False
211,12558,8,1,269.96,5,1,1,511,Recent Customers,1,False
212,12559,311,2,561.71,2,2,2,222,At Risk,0,True
213,12560,5,3,2134.01,5,3,4,534,Potential Loyalists,1,False
214,12561,303,1,238.85,2,1,1,211,Hibernating,0,True
215,12562,8,9,4966.92,5,5,5,555,Champions,1,False
216,12563,409,1,249.24,2,1,1,211,Hibernating,0,True
217,12564,261,1,456.9,2,1,2,212,Hibernating,0,True
218,12565,289,1,145.92,2,1,1,211,Hibernating,0,True
219,12566,86,1,351.65,3,1,2,312,Promising,1,False
220,12567,23,15,11767.48,4,5,5,455,Champions,1,False
221,12568,645,1,70.0,1,1,1,111,Hibernating,0,True
222,12569,2,32,4124.69,5,5,5,555,Champions,1,False
223,12570,682,1,77.52,1,1,1,111,Hibernating,0,True
224,12571,40,2,519.61,4,2,2,422,Potential Loyalists,1,False
225,12572,9,2,1020.42,5,2,3,523,Potential Loyalists,1,False
226,12573,227,5,717.41,2,4,3,243,At Risk,1,True
227,12574,316,1,218.45,2,1,1,211,Hibernating,0,True
228,12575,457,2,622.8199999999999,1,2,3,123,At Risk,0,True
229,12576,36,8,2142.72,4,4,4,444,Champions,1,False
230,12577,35,8,1617.1,4,4,4,444,Champions,1,False
231,12578,21,4,4642.45,4,3,5,435,Potential Loyalists,1,False
232,12579,78,1,440.42,3,1,2,312,Promising,1,False
233,12580,247,2,1052.9,2,2,3,223,At Risk,1,True
234,12581,40,1,197.71,4,1,1,411,Recent Customers,1,False
235,12582,239,4,1980.4,2,3,4,234,At Risk,1,True
236,12583,3,27,13591.58,5,5,5,555,Champions,1,False
237,12584,4,9,2338.15,5,5,4,554,Champions,1,False
238,12585,234,2,2040.1,2,2,4,224,At Risk,1,True
239,12586,17,4,2062.67,5,3,4,534,Potential Loyalists,1,False
240,12587,8,1,144.0,5,1,1,511,Recent Customers,1,False
241,12588,39,4,958.78,4,3,3,433,Potential Loyalists,1,False
242,12589,29,8,4695.66,4,4,5,445,Champions,1,False
243,12590,211,2,9864.26,2,2,5,225,At Risk,1,True
244,12591,317,3,1338.95,2,3,4,234,At Risk,0,True
245,12592,92,5,2582.66,3,4,4,344,Loyal Customers,1,False
246,12593,109,3,418.09999999999997,3,3,2,332,Potential Loyalists,1,False
247,12594,38,15,5090.110000000001,4,5,5,455,Champions,1,False
248,12595,505,1,299.02,1,1,2,112,Hibernating,0,True
249,12596,51,2,618.27,4,2,3,423,Potential Loyalists,1,False
250,12597,19,4,3811.22,5,3,5,535,Potential Loyalists,1,False
251,12598,10,11,4534.09,5,5,5,555,Champions,1,False
252,12599,29,13,2296.72,4,5,4,454,Champions,1,False
253,12600,29,21,4967.42,4,5,5,455,Champions,1,False
254,12601,190,6,681.26,2,4,3,243,At Risk,1,True
255,12602,59,1,153.12,4,1,1,411,Recent Customers,1,False
256,12603,22,1,739.1999999999999,4,1,3,413,Recent Customers,1,False
257,12604,79,2,254.18,3,2,1,321,Potential Loyalists,1,False
258,12605,376,4,1232.95,2,3,4,234,At Risk,0,True
259,12606,682,1,21.0,1,1,1,111,Hibernating,0,True
260,12607,60,1,1579.51,3,1,4,314,Promising,1,False
261,12608,405,1,415.79,2,1,2,212,Hibernating,0,True
262,12609,78,9,3435.86,3,5,5,355,Loyal Customers,1,False
263,12610,23,5,2099.54,4,4,4,444,Champions,1,False
264,12611,52,1,1193.32,4,1,3,413,Recent Customers,1,False
265,12612,74,1,704.0400000000001,3,1,3,313,Promising,1,False
266,12613,57,10,6817.37,4,5,5,455,Champions,1,False
267,12614,278,1,315.6,2,1,2,212,Hibernating,0,True
268,12615,2,8,5740.98,5,4,5,545,Champions,1,False
269,12616,95,3,1131.1,3,3,3,333,Potential Loyalists,1,False
270,12617,29,1,352.98,4,1,2,412,Recent Customers,1,False
271,12618,22,1,177.31,4,1,1,411,Recent Customers,1,False
272,12619,16,10,3781.38,5,5,5,555,Champions,1,False
273,12620,15,3,1339.41,5,3,4,534,Potential Loyalists,1,False
274,12621,2,35,24311.2,5,5,5,555,Champions,1,False
275,12622,232,1,180.1,2,1,1,211,Hibernating,1,True
276,12623,276,7,3747.84,2,4,5,245,At Risk,0,True
277,12624,106,2,641.13,3,2,3,323,Potential Loyalists,1,False
278,12625,212,4,5164.88,2,3,5,235,At Risk,1,True
279,12626,23,9,6620.48,4,5,5,455,Champions,1,False
280,12627,11,7,4478.53,5,4,5,545,Champions,1,False
281,12628,4,3,786.46,5,3,3,533,Potential Loyalists,1,False
282,12629,386,2,1558.22,2,2,4,224,At Risk,0,True
283,12630,10,2,1270.88,5,2,4,524,Potential Loyalists,1,False
284,12631,57,6,3481.57,4,4,5,445,Champions,1,False
285,12632,521,2,804.88,1,2,3,123,At Risk,0,True
286,12633,59,7,5678.16,4,4,5,445,Champions,1,False
287,12634,536,2,490.0,1,2,2,122,At Risk,0,True
288,12635,90,4,2930.41,3,3,5,335,Potential Loyalists,1,False
289,12636,739,1,141.0,1,1,1,111,Hibernating,0,True
290,12637,67,12,8283.81,3,5,5,355,Loyal Customers,1,False
291,12638,33,2,921.49,4,2,3,423,Potential Loyalists,1,False
292,12639,239,3,1312.37,2,3,4,234,At Risk,1,True
293,12640,24,3,1174.58,4,3,3,433,Potential Loyalists,1,False
294,12641,115,1,185.9,3,1,1,311,Promising,1,False
295,12642,25,3,1013.26,4,3,3,433,Potential Loyalists,1,False
296,12643,128,12,8304.82,3,5,5,355,Loyal Customers,1,False
297,12644,130,4,1918.49,3,3,4,334,Potential Loyalists,1,False
298,12645,34,8,3539.3,4,4,5,445,Champions,1,False
299,12646,5,2,1346.97,5,2,4,524,Potential Loyalists,1,False
300,12647,22,36,16955.55,4,5,5,455,Champions,1,False
301,12648,155,4,1112.0,3,3,3,333,Potential Loyalists,1,False
302,12649,107,8,2294.65,3,4,4,344,Loyal Customers,1,False
303,12650,3,1,314.44,5,1,2,512,Recent Customers,1,False
304,12651,335,4,377.75,2,3,2,232,At Risk,0,True
305,12652,331,2,1017.03,2,2,3,223,At Risk,0,True
306,12653,149,3,4160.83,3,3,5,335,Potential Loyalists,1,False
307,12654,11,5,601.98,5,4,2,542,Loyal Customers,1,False
308,12655,424,1,261.35,1,1,1,111,Hibernating,0,True
309,12656,17,8,6407.83,5,4,5,545,Champions,1,False
310,12657,11,4,1643.18,5,3,4,534,Potential Loyalists,1,False
311,12658,19,1,686.05,5,1,3,513,Recent Customers,1,False
312,12659,30,1,91.68,4,1,1,411,Recent Customers,1,False
313,12660,11,1,245.1,5,1,1,511,Recent Customers,1,False
314,12661,436,1,162.0,1,1,1,111,Hibernating,0,True
315,12662,1,20,6726.54,5,5,5,555,Champions,1,False
316,12663,625,2,239.4,1,2,1,121,Hibernating,0,True
317,12664,8,11,6070.04,5,5,5,555,Champions,1,False
318,12665,325,3,313.6,2,3,2,232,At Risk,0,True
319,12666,394,1,1248.42,2,1,4,214,Others,0,True
320,12667,58,1,620.13,4,1,3,413,Recent Customers,1,False
321,12668,12,10,11383.03,5,5,5,555,Champions,1,False
322,12669,151,3,2744.0299999999997,3,3,4,334,Potential Loyalists,1,False
323,12670,10,7,3760.29,5,4,5,545,Champions,1,False
324,12671,606,1,2622.481,1,1,4,114,Others,0,True
325,12672,330,2,437.05,2,2,2,222,At Risk,0,True
326,12673,5,3,1230.02,5,3,4,534,Potential Loyalists,1,False
327,12674,39,4,1970.6,4,3,4,434,Potential Loyalists,1,False
328,12675,554,2,957.25,1,2,3,123,At Risk,0,True
329,12676,25,11,2843.09,4,5,4,454,Champions,1,False
330,12677,555,2,395.1,1,2,2,122,At Risk,0,True
331,12678,42,21,34281.18,4,5,5,455,Champions,1,False
332,12679,59,4,1113.02,4,3,3,433,Potential Loyalists,1,False
333,12680,1,4,862.81,5,3,3,533,Potential Loyalists,1,False
334,12681,15,45,29834.76,5,5,5,555,Champions,1,False
335,12682,4,52,22950.22,5,5,5,555,Champions,1,False
336,12683,4,21,11633.7,5,5,5,555,Champions,1,False
337,12684,8,7,2283.63,5,4,4,544,Champions,1,False
338,12685,28,6,2863.08,4,4,4,444,Champions,1,False
339,12686,372,1,89.14,2,1,1,211,Hibernating,0,True
340,12687,481,2,2138.91,1,2,4,124,At Risk,0,True
341,12688,114,1,4873.8099999999995,3,1,5,315,Promising,1,False
342,12689,26,2,1247.61,4,2,4,424,Potential Loyalists,1,False
343,12690,206,1,389.01,2,1,2,212,Hibernating,1,True
344,12691,28,7,1170.4,4,4,3,443,Loyal Customers,1,False
345,12692,637,1,110.95,1,1,1,111,Hibernating,0,True
346,12693,127,7,1703.02,3,4,4,344,Loyal Customers,1,False
347,12694,70,3,1843.35,3,3,4,334,Potential Loyalists,1,False
348,12695,7,7,1407.1200000000001,5,4,4,544,Champions,1,False
349,12696,435,2,851.91,1,2,3,123,At Risk,0,True
350,12697,29,3,957.59,4,3,3,433,Potential Loyalists,1,False
351,12698,590,1,339.75,1,1,2,112,Hibernating,0,True
352,12699,418,1,638.11,1,1,3,113,Others,0,True
353,12700,8,4,4939.99,5,3,5,535,Potential Loyalists,1,False
354,12701,80,6,2446.41,3,4,4,344,Loyal Customers,1,False
355,12702,20,1,219.0,4,1,1,411,Recent Customers,1,False
356,12703,71,4,1006.53,3,3,3,333,Potential Loyalists,1,False
357,12704,7,8,2340.84,5,4,4,544,Champions,1,False
358,12705,15,14,11762.1,5,5,5,555,Champions,1,False
359,12707,292,1,603.42,2,1,2,212,Hibernating,0,True
360,12708,30,18,5117.66,4,5,5,455,Champions,1,False
361,12709,15,34,30291.76,5,5,5,555,Champions,1,False
362,12710,97,3,1149.02,3,3,3,333,Potential Loyalists,1,False
363,12711,612,2,1339.05,1,2,4,124,At Risk,0,True
364,12712,29,21,6723.03,4,5,5,455,Champions,1,False
365,12713,1,1,848.55,5,1,3,513,Recent Customers,1,False
366,12714,9,12,14093.71,5,5,5,555,Champions,1,False
367,12715,106,1,343.36,3,1,2,312,Promising,1,False
368,12716,4,2,1053.49,5,2,3,523,Potential Loyalists,1,False
369,12717,151,3,1308.91,3,3,4,334,Potential Loyalists,1,False
370,12718,71,1,238.25,3,1,1,311,Promising,1,False
371,12719,5,2,644.95,5,2,3,523,Potential Loyalists,1,False
372,12720,3,30,7787.28,5,5,5,555,Champions,1,False
373,12721,32,8,4013.08,4,4,5,445,Champions,1,False
374,12722,85,4,997.63,3,3,3,333,Potential Loyalists,1,False
375,12723,4,5,725.07,5,4,3,543,Loyal Customers,1,False
376,12724,5,7,2317.52,5,4,4,544,Champions,1,False
377,12725,371,4,2266.76,2,3,4,234,At Risk,0,True
378,12726,28,11,4014.6,4,5,5,455,Champions,1,False
379,12727,11,10,5679.53,5,5,5,555,Champions,1,False
380,12728,71,5,1070.17,3,4,3,343,Loyal Customers,1,False
381,12729,114,1,453.01,3,1,2,312,Promising,1,False
382,12730,522,1,829.25,1,1,3,113,Others,0,True
383,12731,24,17,25775.71,4,5,5,455,Champions,1,False
384,12732,180,1,236.26000000000002,3,1,1,311,Promising,1,False
385,12733,234,4,2424.87,2,3,4,234,At Risk,1,True
386,12734,353,3,639.65,2,3,3,233,At Risk,0,True
387,12735,315,2,779.5699999999999,2,2,3,223,At Risk,0,True
388,12736,333,1,234.0,2,1,1,211,Hibernating,0,True
389,12737,499,2,3710.5,1,2,5,125,At Risk,0,True
390,12738,372,1,155.35,2,1,1,211,Hibernating,0,True
391,12739,78,4,2726.73,3,3,4,334,Potential Loyalists,1,False
392,12740,64,1,427.6,3,1,2,312,Promising,1,False
393,12741,529,2,406.07,1,2,2,122,At Risk,0,True
394,12742,626,1,1201.52,1,1,3,113,Others,0,True
395,12743,134,2,540.13,3,2,2,322,Potential Loyalists,1,False
396,12744,52,11,25317.06,4,5,5,455,Champions,1,False
397,12745,487,3,925.41,1,3,3,133,At Risk,0,True
398,12746,541,1,254.55,1,1,1,111,Hibernating,0,True
399,12747,2,26,8898.48,5,5,5,555,Champions,1,False
400,12748,1,336,53539.64,5,5,5,555,Champions,2,False
401,12749,4,9,6897.36,5,5,5,555,Champions,1,False
402,12750,129,1,275.88,3,1,1,311,Promising,1,False
403,12751,445,1,268.27,1,1,1,111,Hibernating,0,True
404,12752,81,1,4366.78,3,1,5,315,Promising,1,False
405,12753,23,6,21429.39,4,4,5,445,Champions,1,False
406,12754,236,3,3010.74,2,3,5,235,At Risk,1,True
407,12755,281,11,5236.259999999999,2,5,5,255,At Risk,1,True
408,12756,87,1,112.07999999999998,3,1,1,311,Promising,1,False
409,12757,16,13,7834.650000000001,5,5,5,555,Champions,1,False
410,12758,117,7,9903.24,3,4,5,345,Loyal Customers,1,False
411,12759,52,8,5020.74,4,4,5,445,Champions,1,False
412,12760,456,1,347.8,1,1,2,112,Hibernating,0,True
413,12761,458,2,782.95,1,2,3,123,At Risk,0,True
414,12762,8,2,1898.52,5,2,4,524,Potential Loyalists,1,False
415,12763,138,2,494.08,3,2,2,322,Potential Loyalists,1,False
416,12764,317,1,1693.88,2,1,4,214,Others,0,True
417,12765,472,6,1404.58,1,4,4,144,At Risk,0,True
418,12766,4,9,8918.99,5,5,5,555,Champions,1,False
419,12767,376,1,949.82,2,1,3,213,Others,0,True
420,12768,451,1,168.69000000000003,1,1,1,111,Hibernating,0,True
421,12769,239,1,1143.6,2,1,3,213,Others,1,True
422,12770,211,2,3246.45,2,2,5,225,At Risk,1,True
423,12771,486,1,282.3,1,1,1,111,Hibernating,0,True
424,12772,60,1,892.47,3,1,3,313,Promising,1,False
425,12773,564,1,124.25,1,1,1,111,Hibernating,0,True
426,12774,536,1,98.7,1,1,1,111,Hibernating,0,True
427,12775,17,7,1686.12,5,4,4,544,Champions,1,False
428,12776,668,1,55.5,1,1,1,111,Hibernating,0,True
429,12777,458,1,519.45,1,1,2,112,Hibernating,0,True
430,12778,20,9,1775.68,4,5,4,454,Champions,1,False
431,12779,38,14,6474.11,4,5,5,455,Champions,1,False
432,12780,599,1,337.4,1,1,2,112,Hibernating,0,True
433,12781,64,2,826.74,3,2,3,323,Potential Loyalists,1,False
434,12782,5,11,4618.24,5,5,5,555,Champions,1,False
435,12783,2,6,2225.91,5,4,4,544,Champions,1,False
436,12784,9,3,1763.15,5,3,4,534,Potential Loyalists,1,False
437,12785,364,3,1100.4,2,3,3,233,At Risk,0,True
438,12786,610,1,728.5,1,1,3,113,Others,0,True
439,12787,10,4,862.18,5,3,3,533,Potential Loyalists,1,False
440,12788,463,4,444.9,1,3,2,132,At Risk,0,True
441,12789,65,3,273.35,3,3,1,331,Potential Loyalists,1,False
442,12790,192,2,591.85,2,2,2,222,At Risk,1,True
443,12791,374,6,863.51,2,4,3,243,At Risk,0,True
444,12792,257,2,827.01,2,2,3,223,At Risk,0,True
445,12793,335,3,885.53,2,3,3,233,At Risk,0,True
446,12794,53,2,860.41,4,2,3,423,Potential Loyalists,1,False
447,12795,19,1,430.48,5,1,2,512,Recent Customers,1,False
448,12796,628,1,381.0,1,1,2,112,Hibernating,0,True
449,12797,366,2,552.08,2,2,2,222,At Risk,0,True
450,12798,10,4,8510.93,5,3,5,535,Potential Loyalists,1,False
451,12799,529,1,219.35,1,1,1,111,Hibernating,0,True
452,12800,470,3,584.25,1,3,2,132,At Risk,0,True
453,12801,501,1,1071.82,1,1,3,113,Others,0,True
454,12802,187,7,2416.42,3,4,4,344,Loyal Customers,1,True
455,12803,393,1,1092.81,2,1,3,213,Others,0,True
456,12804,466,2,325.37,1,2,2,122,At Risk,0,True
457,12805,382,4,1434.95,2,3,4,234,At Risk,0,True
458,12806,435,4,2878.96,1,3,4,134,At Risk,0,True
459,12807,383,1,330.35,2,1,2,212,Hibernating,0,True
460,12808,37,5,776.7,4,4,3,443,Loyal Customers,1,False
461,12809,178,3,1755.94,3,3,4,334,Potential Loyalists,1,False
462,12810,535,2,534.99,1,2,2,122,At Risk,0,True
463,12811,261,5,1033.9,2,4,3,243,At Risk,1,True
464,12812,45,1,229.64000000000001,4,1,1,411,Recent Customers,1,False
465,12813,502,3,1687.8,1,3,4,134,At Risk,0,True
466,12814,102,1,125.92,3,1,1,311,Promising,1,False
467,12815,148,2,1063.46,3,2,3,323,Potential Loyalists,1,False
468,12816,96,2,572.2,3,2,2,322,Potential Loyalists,1,False
469,12817,281,3,690.98,2,3,3,233,At Risk,0,True
470,12818,262,1,1542.08,2,1,4,214,Others,0,True
471,12819,458,1,540.52,1,1,2,112,Hibernating,0,True
472,12820,3,11,2689.52,5,5,4,554,Champions,1,False
473,12821,214,2,220.8,2,2,1,221,Hibernating,1,True
474,12822,71,2,948.88,3,2,3,323,Potential Loyalists,1,False
475,12823,75,18,6501.5,3,5,5,355,Loyal Customers,1,False
476,12824,60,1,397.12,3,1,2,312,Promising,1,False
477,12825,521,2,518.63,1,2,2,122,At Risk,0,True
478,12826,3,12,2800.75,5,5,4,554,Champions,1,False
479,12827,6,3,430.15000000000003,5,3,2,532,Potential Loyalists,1,False
480,12828,3,6,1018.71,5,4,3,543,Loyal Customers,1,False
481,12829,337,3,385.3,2,3,2,232,At Risk,0,True
482,12830,38,6,6814.64,4,4,5,445,Champions,1,False
483,12831,262,3,451.11,2,3,2,232,At Risk,0,True
484,12832,32,2,383.03,4,2,2,422,Potential Loyalists,1,False
485,12833,145,1,417.38,3,1,2,312,Promising,1,False
486,12834,283,1,312.38,2,1,2,212,Hibernating,0,True
487,12835,428,41,5996.83,1,5,5,155,At Risk,0,True
488,12836,59,15,6559.7300000000005,4,5,5,455,Champions,1,False
489,12837,173,2,662.66,3,2,3,323,Potential Loyalists,1,False
490,12838,34,10,2975.91,4,5,5,455,Champions,1,False
491,12839,3,26,9669.12,5,5,5,555,Champions,1,False
492,12840,144,7,4041.97,3,4,5,345,Loyal Customers,1,False
493,12841,5,40,6958.2,5,5,5,555,Champions,1,False
494,12842,70,4,1917.99,3,3,4,334,Potential Loyalists,1,False
495,12843,66,30,6583.36,3,5,5,355,Loyal Customers,1,False
496,12844,29,4,648.6,4,3,3,433,Potential Loyalists,1,False
497,12845,267,4,354.09,2,3,2,232,At Risk,0,True
498,12846,682,1,15.58,1,1,1,111,Hibernating,0,True
499,12847,22,2,1609.0,4,2,4,424,Potential Loyalists,1,False
500,12848,676,1,208.0,1,1,1,111,Hibernating,0,True
501,12849,31,6,3042.47,4,4,5,445,Champions,1,False
502,12850,446,1,330.0,1,1,2,112,Hibernating,0,True
503,12851,97,2,280.76,3,2,1,321,Potential Loyalists,1,False
504,12852,295,1,311.55,2,1,2,212,Hibernating,0,True
505,12853,135,11,3907.5,3,5,5,355,Loyal Customers,1,False
506,12854,79,7,2970.9700000000003,3,4,5,345,Loyal Customers,1,False
507,12855,373,4,612.84,2,3,3,233,At Risk,0,True
508,12856,8,6,2170.78,5,4,4,544,Champions,1,False
509,12857,211,6,3688.0,2,4,5,245,At Risk,1,True
510,12858,383,1,147.27,2,1,1,211,Hibernating,0,True
511,12859,459,1,575.1,1,1,2,112,Hibernating,0,True
512,12860,693,1,54.22,1,1,1,111,Hibernating,0,True
513,12861,620,1,68.25,1,1,1,111,Hibernating,0,True
514,12862,426,2,984.62,1,2,3,123,At Risk,0,True
515,12863,52,6,2792.5499999999997,4,4,4,444,Champions,1,False
516,12864,138,2,299.57,3,2,2,322,Potential Loyalists,1,False
517,12865,26,4,3323.47,4,3,5,435,Potential Loyalists,1,False
518,12866,283,3,1227.35,2,3,4,234,At Risk,0,True
519,12867,26,13,7829.26,4,5,5,455,Champions,1,False
520,12868,186,8,2043.76,3,4,4,344,Loyal Customers,1,True
521,12869,682,1,337.66999999999996,1,1,2,112,Hibernating,0,True
522,12870,375,3,1676.95,2,3,4,234,At Risk,0,True
523,12871,84,3,744.02,3,3,3,333,Potential Loyalists,1,False
524,12872,327,12,3283.96,2,5,5,255,At Risk,0,True
525,12873,282,3,2027.3,2,3,4,234,At Risk,0,True
526,12874,385,2,948.42,2,2,3,223,At Risk,0,True
527,12875,143,5,1356.99,3,4,4,344,Loyal Customers,1,False
528,12876,58,4,4081.79,4,3,5,435,Potential Loyalists,1,False
529,12877,4,20,2942.14,5,5,5,555,Champions,1,False
530,12878,236,2,854.99,2,2,3,223,At Risk,1,True
531,12879,45,3,573.22,4,3,2,432,Potential Loyalists,1,False
532,12880,382,2,640.13,2,2,3,223,At Risk,0,True
533,12881,276,1,298.0,2,1,2,212,Hibernating,0,True
534,12882,9,2,1463.04,5,2,4,524,Potential Loyalists,1,False
535,12883,25,4,703.47,4,3,3,433,Potential Loyalists,1,False
536,12884,88,1,309.05,3,1,2,312,Promising,1,False
537,12885,63,3,1175.22,3,3,3,333,Potential Loyalists,1,False
538,12886,68,2,1378.4,3,2,4,324,Potential Loyalists,1,False
539,12887,384,1,222.4,2,1,1,211,Hibernating,0,True
540,12888,214,2,354.12,2,2,2,222,At Risk,1,True
541,12889,381,4,385.46000000000004,2,3,2,232,At Risk,0,True
542,12890,24,2,706.02,4,2,3,423,Potential Loyalists,1,False
543,12891,186,11,840.5,3,5,3,353,Loyal Customers,1,True
544,12892,397,1,263.38,2,1,1,211,Hibernating,0,True
545,12893,31,1,176.55,4,1,1,411,Recent Customers,1,False
546,12894,575,1,157.35,1,1,1,111,Hibernating,0,True
547,12895,42,2,372.8,4,2,2,422,Potential Loyalists,1,False
548,12897,205,4,514.25,2,3,2,232,At Risk,1,True
549,12898,464,2,296.21000000000004,1,2,2,122,At Risk,0,True
550,12899,414,1,366.4,1,1,2,112,Hibernating,0,True
551,12900,422,1,340.33,1,1,2,112,Hibernating,0,True
552,12901,9,28,17654.54,5,5,5,555,Champions,1,False
553,12902,265,1,138.68,2,1,1,211,Hibernating,0,True
554,12903,429,1,833.53,1,1,3,113,Others,0,True
555,12904,18,2,496.06,5,2,2,522,Potential Loyalists,1,False
556,12905,577,2,1018.42,1,2,3,123,At Risk,0,True
557,12906,12,5,2919.81,5,4,5,545,Champions,1,False
558,12907,396,2,508.91,2,2,2,222,At Risk,0,True
559,12908,176,5,1776.0,3,4,4,344,Loyal Customers,1,False
560,12909,40,8,3103.19,4,4,5,445,Champions,1,False
561,12910,23,13,5796.52,4,5,5,455,Champions,1,False
562,12911,552,1,1651.72,1,1,4,114,Others,0,True
563,12912,3,5,1662.3,5,4,4,544,Champions,1,False
564,12913,5,13,6283.24,5,5,5,555,Champions,1,False
565,12914,401,1,223.98,2,1,1,211,Hibernating,0,True
566,12915,149,4,975.1,3,3,3,333,Potential Loyalists,1,False
567,12916,139,7,4479.73,3,4,5,345,Loyal Customers,1,False
568,12917,128,6,4359.2,3,4,5,345,Loyal Customers,1,False
569,12918,626,1,10953.5,1,1,5,115,Others,0,True
570,12919,8,6,1335.19,5,4,4,544,Champions,1,False
571,12920,17,4,486.64,5,3,2,532,Potential Loyalists,1,False
572,12921,9,74,35233.24,5,5,5,555,Champions,2,False
573,12922,161,1,405.38,3,1,2,312,Promising,1,False
574,12923,64,3,770.42,3,3,3,333,Potential Loyalists,1,False
575,12924,88,12,2469.4,3,5,4,354,Loyal Customers,1,False
576,12925,5,3,729.3299999999999,5,3,3,533,Potential Loyalists,1,False
577,12926,411,4,1523.97,1,3,4,134,At Risk,0,True
578,12927,395,1,197.31,2,1,1,211,Hibernating,0,True
579,12928,35,12,4304.89,4,5,5,455,Champions,1,False
580,12929,312,1,117.85,2,1,1,211,Hibernating,0,True
581,12930,78,2,415.8,3,2,2,322,Potential Loyalists,1,False
582,12931,22,57,92347.34,4,5,5,455,Champions,2,False
583,12932,539,8,1698.56,1,4,4,144,At Risk,0,True
584,12933,24,8,1636.6299999999999,4,4,4,444,Champions,1,False
585,12934,737,1,181.65,1,1,1,111,Hibernating,0,True
586,12935,2,15,4243.86,5,5,5,555,Champions,1,False
587,12936,17,4,1063.9,5,3,3,533,Potential Loyalists,1,False
588,12937,15,9,3097.61,5,5,5,555,Champions,1,False
589,12938,26,1,114.14,4,1,1,411,Recent Customers,1,False
590,12939,64,20,25264.8,3,5,5,355,Loyal Customers,1,False
591,12940,55,2,899.69,4,2,3,423,Potential Loyalists,1,False
592,12941,724,1,377.49,1,1,2,112,Hibernating,0,True
593,12942,131,3,675.6,3,3,3,333,Potential Loyalists,1,False
594,12943,558,2,496.5,1,2,2,122,At Risk,0,True
595,12944,36,2,604.51,4,2,2,422,Potential Loyalists,1,False
596,12945,288,2,900.11,2,2,3,223,At Risk,0,True
597,12946,437,1,324.45,1,1,2,112,Hibernating,0,True
598,12947,144,6,1603.99,3,4,4,344,Loyal Customers,1,False
599,12948,16,9,2317.43,5,5,4,554,Champions,1,False
600,12949,31,22,15526.7,4,5,5,455,Champions,1,False
601,12950,2,3,1843.0,5,3,4,534,Potential Loyalists,1,False
602,12951,9,15,3213.7200000000003,5,5,5,555,Champions,1,False
603,12952,6,4,1387.79,5,3,4,534,Potential Loyalists,1,False
604,12953,10,2,828.8100000000001,5,2,3,523,Potential Loyalists,1,False
605,12954,639,1,162.45,1,1,1,111,Hibernating,0,True
606,12955,1,11,4757.16,5,5,5,555,Champions,1,False
607,12956,306,4,521.89,2,3,2,232,At Risk,0,True
608,12957,10,13,8706.97,5,5,5,555,Champions,1,False
609,12958,400,2,467.34,2,2,2,222,At Risk,0,True
610,12959,484,1,150.95,1,1,1,111,Hibernating,0,True
611,12960,414,4,1322.07,1,3,4,134,At Risk,0,True
612,12961,379,1,211.99,2,1,1,211,Hibernating,0,True
613,12962,7,2,266.39,5,2,1,521,Potential Loyalists,1,False
614,12963,8,12,3235.79,5,5,5,555,Champions,1,False
615,12964,437,1,132.24,1,1,1,111,Hibernating,0,True
616,12965,89,1,769.8100000000001,3,1,3,313,Promising,1,False
617,12966,10,1,160.18,5,1,1,511,Recent Customers,1,False
618,12967,358,3,2938.52,2,3,5,235,At Risk,0,True
619,12968,112,1,135.95,3,1,1,311,Promising,1,False
620,12969,603,1,122.45,1,1,1,111,Hibernating,0,True
621,12970,7,10,1453.6,5,5,4,554,Champions,1,False
622,12971,4,116,15704.6,5,5,5,555,Champions,2,False
623,12972,414,4,1161.2,1,3,3,133,At Risk,0,True
624,12973,414,1,385.55,1,1,2,112,Hibernating,0,True
625,12974,198,2,408.95,2,2,2,222,At Risk,1,True
626,12975,437,6,2100.09,1,4,4,144,At Risk,0,True
627,12976,212,8,3156.38,2,4,5,245,At Risk,1,True
628,12977,156,4,513.88,3,3,2,332,Potential Loyalists,1,False
629,12978,385,5,2502.82,2,4,4,244,At Risk,0,True
630,12979,729,1,517.7,1,1,2,112,Hibernating,0,True
631,12980,158,21,16245.78,3,5,5,355,Loyal Customers,1,False
632,12981,30,2,372.21999999999997,4,2,2,422,Potential Loyalists,1,False
633,12982,243,8,2744.81,2,4,4,244,At Risk,1,True
634,12983,598,1,490.08000000000004,1,1,2,112,Hibernating,0,True
635,12984,19,1,97.5,5,1,1,511,Recent Customers,1,False
636,12985,1,2,1239.38,5,2,4,524,Potential Loyalists,1,False
637,12986,429,10,2729.84,1,5,4,154,At Risk,0,True
638,12987,74,5,1312.21,3,4,4,344,Loyal Customers,1,False
639,12988,292,1,505.82,2,1,2,212,Hibernating,0,True
640,12989,3,33,13551.75,5,5,5,555,Champions,1,False
641,12990,31,7,955.5,4,4,3,443,Loyal Customers,1,False
642,12991,23,3,764.82,4,3,3,433,Potential Loyalists,1,False
643,12992,725,1,93.35000000000001,1,1,1,111,Hibernating,0,True
644,12993,23,8,1259.6299999999999,4,4,4,444,Champions,1,False
645,12994,4,3,974.4200000000001,5,3,3,533,Potential Loyalists,1,False
646,12995,85,1,211.32,3,1,1,311,Promising,1,False
647,12996,376,1,355.5,2,1,2,212,Hibernating,0,True
648,12997,22,8,2110.91,4,4,4,444,Champions,1,False
649,12998,493,3,920.08,1,3,3,133,At Risk,0,True
650,12999,196,3,455.88,2,3,2,232,At Risk,1,True
651,13000,107,4,1032.5,3,3,3,333,Potential Loyalists,1,False
652,13001,4,33,24042.65,5,5,5,555,Champions,1,False
653,13002,318,3,414.13,2,3,2,232,At Risk,0,True
654,13003,106,3,149.05,3,3,1,331,Potential Loyalists,1,False
655,13004,12,36,11650.85,5,5,5,555,Champions,1,False
656,13005,174,4,999.68,3,3,3,333,Potential Loyalists,1,False
657,13006,56,1,81.57,4,1,1,411,Recent Customers,1,False
658,13007,580,1,175.25,1,1,1,111,Hibernating,0,True
659,13008,323,3,612.13,2,3,3,233,At Risk,0,True
660,13009,673,1,234.0,1,1,1,111,Hibernating,0,True
661,13010,374,2,330.12,2,2,2,222,At Risk,0,True
662,13011,372,1,50.550000000000004,2,1,1,211,Hibernating,0,True
663,13012,9,11,2957.83,5,5,5,555,Champions,1,False
664,13013,1,29,11097.43,5,5,5,555,Champions,1,False
665,13014,11,11,5381.08,5,5,5,555,Champions,1,False
666,13015,53,11,6579.78,4,5,5,455,Champions,1,False
667,13016,73,3,789.89,3,3,3,333,Potential Loyalists,1,False
668,13017,7,1,204.0,5,1,1,511,Recent Customers,1,False
669,13018,16,35,9763.16,5,5,5,555,Champions,1,False
670,13019,379,6,1229.95,2,4,4,244,At Risk,0,True
671,13020,563,2,618.96,1,2,3,123,At Risk,0,True
672,13021,4,17,4887.24,5,5,5,555,Champions,1,False
673,13022,430,1,65.3,1,1,1,111,Hibernating,0,True
674,13023,64,3,1449.03,3,3,4,334,Potential Loyalists,1,False
675,13024,471,2,555.87,1,2,2,122,At Risk,0,True
676,13025,732,1,323.39,1,1,2,112,Hibernating,0,True
677,13026,1,9,1733.08,5,5,4,554,Champions,1,False
678,13027,114,19,17239.2,3,5,5,355,Loyal Customers,1,False
679,13028,23,2,661.3199999999999,4,2,3,423,Potential Loyalists,1,False
680,13029,31,5,1927.3,4,4,4,444,Champions,1,False
681,13030,11,2,752.4399999999999,5,2,3,523,Potential Loyalists,1,False
682,13031,407,5,3292.84,2,4,5,245,At Risk,0,True
683,13032,52,9,2815.96,4,5,4,454,Champions,1,False
684,13033,357,2,220.55,2,2,1,221,Hibernating,0,True
685,13034,55,3,756.82,4,3,3,433,Potential Loyalists,1,False
686,13035,74,3,1364.2,3,3,4,334,Potential Loyalists,1,False
687,13036,685,1,307.1,1,1,2,112,Hibernating,0,True
688,13037,138,12,3914.9500000000003,3,5,5,355,Loyal Customers,1,False
689,13038,80,3,908.46,3,3,3,333,Potential Loyalists,1,False
690,13039,584,4,1010.73,1,3,3,133,At Risk,0,True
691,13040,9,2,676.99,5,2,3,523,Potential Loyalists,1,False
692,13041,451,4,799.13,1,3,3,133,At Risk,0,True
693,13042,598,3,1488.59,1,3,4,134,At Risk,0,True
694,13043,273,1,516.42,2,1,2,212,Hibernating,0,True
695,13044,291,11,4848.05,2,5,5,255,At Risk,0,True
696,13045,99,3,808.92,3,3,3,333,Potential Loyalists,1,False
697,13046,31,3,949.25,4,3,3,433,Potential Loyalists,1,False
698,13047,32,24,8428.53,4,5,5,455,Champions,1,False
699,13048,14,9,4049.13,5,5,5,555,Champions,1,False
700,13049,64,4,1408.24,3,3,4,334,Potential Loyalists,1,False
701,13050,15,35,11986.52,5,5,5,555,Champions,1,False
702,13051,579,2,155.8,1,2,1,121,Hibernating,0,True
703,13052,212,7,3119.33,2,4,5,245,At Risk,1,True
704,13053,622,1,127.65,1,1,1,111,Hibernating,0,True
705,13055,78,4,2321.11,3,3,4,334,Potential Loyalists,1,False
706,13056,551,1,209.48,1,1,1,111,Hibernating,0,True
707,13057,530,3,709.59,1,3,3,133,At Risk,0,True
708,13058,25,3,271.40000000000003,4,3,1,431,Potential Loyalists,1,False
709,13059,250,10,2291.77,2,5,4,254,At Risk,1,True
710,13060,254,1,307.53,2,1,2,212,Hibernating,0,True
711,13061,72,1,248.61,3,1,1,311,Promising,1,False
712,13062,191,1,346.98,2,1,2,212,Hibernating,1,True
713,13063,481,1,188.4,1,1,1,111,Hibernating,0,True
714,13064,13,6,1666.8400000000001,5,4,4,544,Champions,1,False
715,13065,373,5,1055.05,2,4,3,243,At Risk,0,True
716,13066,24,2,470.8,4,2,2,422,Potential Loyalists,1,False
717,13067,82,3,508.51,3,3,2,332,Potential Loyalists,1,False
718,13068,10,2,344.0,5,2,2,522,Potential Loyalists,1,False
719,13069,1,38,9284.45,5,5,5,555,Champions,1,False
720,13070,192,4,751.7,2,3,3,233,At Risk,1,True
721,13071,612,1,129.22,1,1,1,111,Hibernating,0,True
722,13072,267,1,177.15,2,1,1,211,Hibernating,0,True
723,13073,411,2,418.08,1,2,2,122,At Risk,0,True
724,13074,511,4,1378.74,1,3,4,134,At Risk,0,True
725,13075,130,1,919.61,3,1,3,313,Promising,1,False
726,13076,458,1,135.4,1,1,1,111,Hibernating,0,True
727,13077,1,11,2740.65,5,5,4,554,Champions,1,False
728,13078,3,57,29018.06,5,5,5,555,Champions,1,False
729,13079,4,6,419.18,5,4,2,542,Loyal Customers,1,False
730,13080,179,4,280.73,3,3,1,331,Potential Loyalists,1,False
731,13081,12,28,56838.37,5,5,5,555,Champions,1,False
732,13082,126,21,7335.75,3,5,5,355,Loyal Customers,1,False
733,13083,4,3,395.43,5,3,2,532,Potential Loyalists,1,False
734,13084,492,1,122.39999999999999,1,1,1,111,Hibernating,0,True
735,13085,158,8,2433.28,3,4,4,344,Loyal Customers,1,False
736,13086,383,1,439.33000000000004,2,1,2,212,Hibernating,0,True
737,13087,726,1,313.64,1,1,2,112,Hibernating,0,True
738,13088,417,1,236.11,1,1,1,111,Hibernating,0,True
739,13089,3,203,113416.91,5,5,5,555,Champions,2,False
740,13090,9,24,13091.74,5,5,5,555,Champions,1,False
741,13091,28,3,2321.82,4,3,4,434,Potential Loyalists,1,False
742,13092,71,12,2140.28,3,5,4,354,Loyal Customers,1,False
743,13093,276,55,54144.25,2,5,5,255,At Risk,2,True
744,13094,21,13,2209.44,4,5,4,454,Champions,1,False
745,13095,71,1,74.39999999999999,3,1,1,311,Promising,1,False
746,13096,394,1,419.70000000000005,2,1,2,212,Hibernating,0,True
747,13097,33,28,13324.1,4,5,5,455,Champions,1,False
748,13098,1,28,28882.44,5,5,5,555,Champions,1,False
749,13099,99,1,207.35999999999999,3,1,1,311,Promising,1,False
750,13101,234,4,695.4,2,3,3,233,At Risk,1,True
751,13102,1,37,11380.1,5,5,5,555,Champions,1,False
752,13103,40,3,709.64,4,3,3,433,Potential Loyalists,1,False
753,13104,3,9,1709.1,5,5,4,554,Champions,1,False
754,13105,436,1,72.0,1,1,1,111,Hibernating,0,True
755,13106,133,2,603.46,3,2,2,322,Potential Loyalists,1,False
756,13107,44,9,5253.07,4,5,5,455,Champions,1,False
757,13108,373,2,748.46,2,2,3,223,At Risk,0,True
758,13109,60,3,1134.03,3,3,3,333,Potential Loyalists,1,False
759,13110,31,12,2957.4700000000003,4,5,5,455,Champions,1,False
760,13111,719,1,321.88000000000005,1,1,2,112,Hibernating,0,True
761,13112,541,1,20.6,1,1,1,111,Hibernating,0,True
762,13113,1,37,18230.07,5,5,5,555,Champions,1,False
763,13114,731,1,234.38,1,1,1,111,Hibernating,0,True
764,13115,12,10,5494.7,5,5,5,555,Champions,1,False
765,13116,138,1,501.14,3,1,2,312,Promising,1,False
766,13117,22,18,2255.66,4,5,4,454,Champions,1,False
767,13118,20,9,2415.41,4,5,4,454,Champions,1,False
768,13119,669,1,134.9,1,1,1,111,Hibernating,0,True
769,13120,239,1,30.599999999999998,2,1,1,211,Hibernating,1,True
770,13121,269,1,283.73,2,1,1,211,Hibernating,0,True
771,13122,94,2,922.39,3,2,3,323,Potential Loyalists,1,False
772,13123,473,2,506.75,1,2,2,122,At Risk,0,True
773,13124,90,4,4641.66,3,3,5,335,Potential Loyalists,1,False
774,13125,524,1,148.62,1,1,1,111,Hibernating,0,True
775,13126,5,13,3774.81,5,5,5,555,Champions,1,False
776,13127,78,1,259.17,3,1,1,311,Promising,1,False
777,13128,631,1,263.5,1,1,1,111,Hibernating,0,True
778,13129,452,2,233.25,1,2,1,121,Hibernating,0,True
779,13130,94,1,64.0,3,1,1,311,Promising,1,False
780,13131,23,7,3313.77,4,4,5,445,Champions,1,False
781,13132,262,1,77.3,2,1,1,211,Hibernating,0,True
782,13133,274,3,200.45000000000002,2,3,1,231,Others,0,True
783,13134,86,6,2475.23,3,4,4,344,Loyal Customers,1,False
784,13135,197,2,3371.45,2,2,5,225,At Risk,1,True
785,13136,56,13,6274.56,4,5,5,455,Champions,1,False
786,13137,11,16,7586.94,5,5,5,555,Champions,1,False
787,13138,22,7,1274.01,4,4,4,444,Champions,1,False
788,13139,16,8,8202.98,5,4,5,545,Champions,1,False
789,13140,108,5,1054.92,3,4,3,343,Loyal Customers,1,False
790,13141,85,17,7656.08,3,5,5,355,Loyal Customers,1,False
791,13142,19,1,307.09,5,1,2,512,Recent Customers,1,False
792,13143,585,1,405.1,1,1,2,112,Hibernating,0,True
793,13144,333,2,135.35,2,2,1,221,Hibernating,0,True
794,13145,40,7,1128.52,4,4,3,443,Loyal Customers,1,False
795,13146,26,1,228.91,4,1,1,411,Recent Customers,1,False
796,13147,10,4,712.8000000000001,5,3,3,533,Potential Loyalists,1,False
797,13148,29,26,8497.82,4,5,5,455,Champions,1,False
798,13149,14,4,1676.06,5,3,4,534,Potential Loyalists,1,False
799,13150,484,3,449.96999999999997,1,3,2,132,At Risk,0,True
800,13151,296,3,2465.21,2,3,4,234,At Risk,0,True
801,13152,417,7,2146.38,1,4,4,144,At Risk,0,True
802,13153,6,1,486.22,5,1,2,512,Recent Customers,1,False
803,13154,399,3,1624.84,2,3,4,234,At Risk,0,True
804,13155,33,6,1370.48,4,4,4,444,Champions,1,False
805,13156,385,3,1586.54,2,3,4,234,At Risk,0,True
806,13157,49,9,5687.36,4,5,5,455,Champions,1,False
807,13158,95,5,1508.18,3,4,4,344,Loyal Customers,1,False
808,13159,9,4,1429.35,5,3,4,534,Potential Loyalists,1,False
809,13160,22,1,91.8,4,1,1,411,Recent Customers,1,False
810,13161,313,2,472.13,2,2,2,222,At Risk,0,True
811,13162,122,16,9275.49,3,5,5,355,Loyal Customers,1,False
812,13163,610,1,17.65,1,1,1,111,Hibernating,0,True
813,13164,569,2,372.2,1,2,2,122,At Risk,0,True
814,13165,46,3,1451.16,4,3,4,434,Potential Loyalists,1,False
815,13166,283,2,875.93,2,2,3,223,At Risk,0,True
816,13167,19,5,1125.15,5,4,3,543,Loyal Customers,1,False
817,13168,36,5,1840.73,4,4,4,444,Champions,1,False
818,13169,64,3,840.08,3,3,3,333,Potential Loyalists,1,False
819,13170,27,1,108.81,4,1,1,411,Recent Customers,1,False
820,13171,22,3,468.41,4,3,2,432,Potential Loyalists,1,False
821,13172,400,1,69.6,2,1,1,211,Hibernating,0,True
822,13173,4,11,2399.82,5,5,4,554,Champions,1,False
823,13174,16,12,7995.36,5,5,5,555,Champions,1,False
824,13175,582,2,831.45,1,2,3,123,At Risk,0,True
825,13176,46,1,481.49,4,1,2,412,Recent Customers,1,False
826,13177,65,2,512.2,3,2,2,322,Potential Loyalists,1,False
827,13178,26,21,14059.19,4,5,5,455,Champions,1,False
828,13179,619,1,572.3100000000001,1,1,2,112,Hibernating,0,True
829,13180,607,1,86.10000000000001,1,1,1,111,Hibernating,0,True
830,13181,381,1,359.69,2,1,2,212,Hibernating,0,True
831,13182,45,1,121.18,4,1,1,411,Recent Customers,1,False
832,13183,8,15,7036.18,5,5,5,555,Champions,1,False
833,13184,15,10,1668.95,5,5,4,554,Champions,1,False
834,13185,268,1,71.4,2,1,1,211,Hibernating,0,True
835,13186,40,3,1575.89,4,3,4,434,Potential Loyalists,1,False
836,13187,337,4,341.36,2,3,2,232,At Risk,0,True
837,13188,11,1,114.60000000000001,5,1,1,511,Recent Customers,1,False
838,13189,19,2,260.68,5,2,1,521,Potential Loyalists,1,False
839,13190,544,3,570.66,1,3,2,132,At Risk,0,True
840,13191,658,1,164.69,1,1,1,111,Hibernating,0,True
841,13192,95,6,2558.58,3,4,4,344,Loyal Customers,1,False
842,13193,61,1,112.08,3,1,1,311,Promising,1,False
843,13194,136,2,472.78,3,2,2,322,Potential Loyalists,1,False
844,13195,414,1,136.73,1,1,1,111,Hibernating,0,True
845,13196,11,7,3068.84,5,4,5,545,Champions,1,False
846,13197,610,1,373.01000000000005,1,1,2,112,Hibernating,0,True
847,13198,10,8,4974.2300000000005,5,4,5,545,Champions,1,False
848,13199,4,67,15964.210000000001,5,5,5,555,Champions,1,False
849,13200,19,4,870.09,5,3,3,533,Potential Loyalists,1,False
850,13201,502,4,1233.06,1,3,4,134,At Risk,0,True
851,13202,394,7,1580.3,2,4,4,244,At Risk,0,True
852,13203,10,10,2648.25,5,5,4,554,Champions,1,False
853,13204,731,1,966.6600000000001,1,1,3,113,Others,0,True
854,13205,443,1,2803.2,1,1,4,114,Others,0,True
855,13206,400,13,8308.19,2,5,5,255,At Risk,0,True
856,13207,15,4,535.86,5,3,2,532,Potential Loyalists,1,False
857,13208,59,9,1976.3,4,5,4,454,Champions,1,False
858,13209,30,13,8509.51,4,5,5,455,Champions,1,False
859,13210,94,1,353.48,3,1,2,312,Promising,1,False
860,13211,10,10,2618.77,5,5,4,554,Champions,1,False
861,13212,20,3,786.83,4,3,3,433,Potential Loyalists,1,False
862,13213,57,11,3851.52,4,5,5,455,Champions,1,False
863,13214,418,7,3264.23,1,4,5,145,At Risk,0,True
864,13215,402,1,81.6,2,1,1,211,Hibernating,0,True
865,13216,268,1,333.74,2,1,2,212,Hibernating,0,True
866,13217,122,4,666.48,3,3,3,333,Potential Loyalists,1,False
867,13218,127,1,62.63999999999999,3,1,1,311,Promising,1,False
868,13219,618,1,76.23,1,1,1,111,Hibernating,0,True
869,13220,78,5,1336.0900000000001,3,4,4,344,Loyal Customers,1,False
870,13221,240,2,847.41,2,2,3,223,At Risk,1,True
871,13222,577,1,88.5,1,1,1,111,Hibernating,0,True
872,13223,200,6,969.1200000000001,2,4,3,243,At Risk,1,True
873,13224,60,2,2155.95,3,2,4,324,Potential Loyalists,1,False
874,13225,3,16,16260.07,5,5,5,555,Champions,1,False
875,13226,273,2,312.46,2,2,2,222,At Risk,0,True
876,13227,202,1,257.7,2,1,1,211,Hibernating,1,True
877,13228,81,1,358.0,3,1,2,312,Promising,1,False
878,13229,226,1,160.95,2,1,1,211,Hibernating,1,True
879,13230,4,30,6120.01,5,5,5,555,Champions,1,False
880,13232,13,7,1328.35,5,4,4,544,Champions,1,False
881,13233,74,4,1176.46,3,3,3,333,Potential Loyalists,1,False
882,13234,673,2,346.5,1,2,2,122,At Risk,0,True
883,13235,212,1,1031.07,2,1,3,213,Others,1,True
884,13236,25,2,744.85,4,2,3,423,Potential Loyalists,1,False
885,13237,388,1,643.0,2,1,3,213,Others,0,True
886,13238,17,6,1006.63,5,4,3,543,Loyal Customers,1,False
887,13239,262,5,1594.69,2,4,4,244,At Risk,1,True
888,13240,96,8,1475.79,3,4,4,344,Loyal Customers,1,False
889,13241,412,1,112.53,1,1,1,111,Hibernating,0,True
890,13242,112,7,699.4,3,4,3,343,Loyal Customers,1,False
891,13243,203,5,1220.38,2,4,3,243,At Risk,1,True
892,13244,93,1,121.74000000000001,3,1,1,311,Promising,1,False
893,13245,51,2,989.22,4,2,3,423,Potential Loyalists,1,False
894,13246,18,11,3351.75,5,5,5,555,Champions,1,False
895,13247,18,4,501.12,5,3,2,532,Potential Loyalists,1,False
896,13248,125,2,465.68,3,2,2,322,Potential Loyalists,1,False
897,13249,92,9,1608.93,3,5,4,354,Loyal Customers,1,False
898,13250,461,2,253.09,1,2,1,121,Hibernating,0,True
899,13251,402,1,252.68,2,1,1,211,Hibernating,0,True
900,13252,394,2,399.3,2,2,2,222,At Risk,0,True
901,13253,157,4,2951.11,3,3,5,335,Potential Loyalists,1,False
902,13254,376,1,51.410000000000004,2,1,1,211,Hibernating,0,True
903,13255,9,3,678.76,5,3,3,533,Potential Loyalists,1,False
904,13257,436,1,149.75,1,1,1,111,Hibernating,0,True
905,13258,12,5,1009.43,5,4,3,543,Loyal Customers,1,False
906,13259,62,9,1402.54,3,5,4,354,Loyal Customers,1,False
907,13260,61,1,557.62,3,1,2,312,Promising,1,False
908,13261,269,2,944.1,2,2,3,223,At Risk,0,True
909,13262,263,3,573.45,2,3,2,232,At Risk,0,True
910,13263,1,39,8676.2,5,5,5,555,Champions,1,False
911,13264,443,1,722.5600000000001,1,1,3,113,Others,0,True
912,13265,53,5,2092.66,4,4,4,444,Champions,1,False
913,13266,11,19,6135.04,5,5,5,555,Champions,1,False
914,13267,3,36,9429.81,5,5,5,555,Champions,1,False
915,13268,18,11,3174.75,5,5,5,555,Champions,1,False
916,13269,1,28,8537.32,5,5,5,555,Champions,1,False
917,13270,366,1,590.0,2,1,2,212,Hibernating,0,True
918,13271,37,1,211.49,4,1,1,411,Recent Customers,1,False
919,13272,31,2,276.56,4,2,1,421,Potential Loyalists,1,False
920,13273,113,1,138.98,3,1,1,311,Promising,1,False
921,13274,409,1,360.85,2,1,2,212,Hibernating,0,True
922,13275,384,2,238.86,2,2,1,221,Hibernating,0,True
923,13276,64,5,1891.91,3,4,4,344,Loyal Customers,1,False
924,13277,16,7,523.3,5,4,2,542,Loyal Customers,1,False
925,13278,41,4,1435.85,4,3,4,434,Potential Loyalists,1,False
926,13279,78,1,137.75,3,1,1,311,Promising,1,False
927,13280,122,7,2293.33,3,4,4,344,Loyal Customers,1,False
928,13281,439,1,350.85,1,1,2,112,Hibernating,0,True
929,13282,18,4,1313.19,5,3,4,534,Potential Loyalists,1,False
930,13283,60,4,373.36,3,3,2,332,Potential Loyalists,1,False
931,13284,331,1,201.19,2,1,1,211,Hibernating,0,True
932,13285,23,6,3364.59,4,4,5,445,Champions,1,False
933,13286,600,1,734.91,1,1,3,113,Others,0,True
934,13287,603,3,781.59,1,3,3,133,At Risk,0,True
935,13288,443,5,927.61,1,4,3,143,At Risk,0,True
936,13289,724,1,307.95,1,1,2,112,Hibernating,0,True
937,13290,438,1,208.63,1,1,1,111,Hibernating,0,True
938,13291,156,11,3270.79,3,5,5,355,Loyal Customers,1,False
939,13292,39,5,994.51,4,4,3,443,Loyal Customers,1,False
940,13293,392,6,1192.94,2,4,3,243,At Risk,0,True
941,13294,190,3,1689.53,2,3,4,234,At Risk,1,True
942,13295,360,4,1101.97,2,3,3,233,At Risk,0,True
943,13296,137,6,792.51,3,4,3,343,Loyal Customers,1,False
944,13297,8,7,4368.62,5,4,5,545,Champions,1,False
945,13298,1,1,360.0,5,1,2,512,Recent Customers,1,False
946,13299,268,3,1218.7,2,3,3,233,At Risk,0,True
947,13300,169,3,1285.51,3,3,4,334,Potential Loyalists,1,False
948,13301,104,4,618.09,3,3,3,333,Potential Loyalists,1,False
949,13302,155,2,159.2,3,2,1,321,Potential Loyalists,1,False
950,13303,400,1,61.72,2,1,1,211,Hibernating,0,True
951,13304,351,4,1217.99,2,3,3,233,At Risk,0,True
952,13305,4,16,3616.41,5,5,5,555,Champions,1,False
953,13306,430,1,53.65,1,1,1,111,Hibernating,0,True
954,13307,120,3,273.34,3,3,1,331,Potential Loyalists,1,False
955,13308,23,4,1670.3700000000001,4,3,4,434,Potential Loyalists,1,False
956,13309,7,6,1706.3700000000001,5,4,4,544,Champions,1,False
957,13310,28,5,1541.2,4,4,4,444,Champions,1,False
958,13311,4,2,598.57,5,2,2,522,Potential Loyalists,1,False
959,13312,451,1,124.75,1,1,1,111,Hibernating,0,True
960,13313,22,12,3445.32,4,5,5,455,Champions,1,False
961,13314,2,3,775.94,5,3,3,533,Potential Loyalists,1,False
962,13315,689,1,310.26,1,1,2,112,Hibernating,0,True
963,13316,37,10,12940.82,4,5,5,455,Champions,1,False
964,13317,66,19,6486.091,3,5,5,355,Loyal Customers,1,False
965,13318,1,3,640.76,5,3,3,533,Potential Loyalists,1,False
966,13319,5,58,21323.22,5,5,5,555,Champions,1,False
967,13320,78,6,2211.6,3,4,4,344,Loyal Customers,1,False
968,13321,72,2,567.36,3,2,2,322,Potential Loyalists,1,False
969,13322,17,1,199.48000000000002,5,1,1,511,Recent Customers,1,False
970,13323,3,5,787.85,5,4,3,543,Loyal Customers,1,False
971,13324,36,18,10513.47,4,5,5,455,Champions,1,False
972,13325,82,1,675.3,3,1,3,313,Promising,1,False
973,13326,432,1,281.76,1,1,1,111,Hibernating,0,True
974,13327,39,20,9134.48,4,5,5,455,Champions,1,False
975,13328,316,1,1308.48,2,1,4,214,Others,0,True
976,13329,32,8,4808.77,4,4,5,445,Champions,1,False
977,13330,93,6,2796.1,3,4,4,344,Loyal Customers,1,False
978,13331,402,1,262.4,2,1,1,211,Hibernating,0,True
979,13332,14,1,350.9,5,1,2,512,Recent Customers,1,False
980,13333,411,3,1015.74,1,3,3,133,At Risk,0,True
981,13334,82,5,6201.8,3,4,5,345,Loyal Customers,1,False
982,13336,77,1,795.12,3,1,3,313,Promising,1,False
983,13337,546,1,1575.26,1,1,4,114,Others,0,True
984,13338,158,4,2445.62,3,3,4,334,Potential Loyalists,1,False
985,13339,201,1,860.12,2,1,3,213,Others,1,True
986,13340,45,12,22100.56,4,5,5,455,Champions,1,False
987,13341,261,1,775.85,2,1,3,213,Others,0,True
988,13343,178,1,353.43,3,1,2,312,Promising,1,False
989,13344,68,3,2511.69,3,3,4,334,Potential Loyalists,1,False
990,13345,288,1,389.5,2,1,2,212,Hibernating,0,True
991,13346,463,6,299.4,1,4,2,142,At Risk,0,True
992,13347,70,1,341.36,3,1,2,312,Promising,1,False
993,13348,64,1,233.76,3,1,1,311,Promising,1,False
994,13349,11,1,247.32,5,1,1,511,Recent Customers,1,False
995,13350,16,2,979.12,5,2,3,523,Potential Loyalists,1,False
996,13351,66,1,373.94,3,1,2,312,Promising,1,False
997,13352,60,1,397.97999999999996,3,1,2,312,Promising,1,False
998,13354,71,1,743.53,3,1,3,313,Promising,1,False
999,13355,122,1,674.7,3,1,3,313,Promising,1,False
1000,13356,80,1,768.24,3,1,3,313,Promising,1,False
1001,13357,257,5,3805.5099999999998,2,4,5,245,At Risk,1,True
1002,13358,269,1,439.03,2,1,2,212,Hibernating,0,True
1003,13359,64,2,1043.31,3,2,3,323,Potential Loyalists,1,False
1004,13360,432,4,1553.65,1,3,4,134,At Risk,0,True
1005,13361,472,2,1450.5,1,2,4,124,At Risk,0,True
1006,13362,9,7,5394.07,5,4,5,545,Champions,1,False
1007,13363,18,3,1723.86,5,3,4,534,Potential Loyalists,1,False
1008,13364,71,1,134.95999999999998,3,1,1,311,Promising,1,False
1009,13365,34,2,2225.37,4,2,4,424,Potential Loyalists,1,False
1010,13366,50,1,56.160000000000004,4,1,1,411,Recent Customers,1,False
1011,13367,432,1,510.20000000000005,1,1,2,112,Hibernating,0,True
1012,13368,257,4,1121.5,2,3,3,233,At Risk,1,True
1013,13369,366,1,308.28000000000003,2,1,2,212,Hibernating,0,True
1014,13370,372,1,754.87,2,1,3,213,Others,0,True
1015,13371,505,2,2297.66,1,2,4,124,At Risk,0,True
1016,13372,90,1,378.64,3,1,2,312,Promising,1,False
1017,13373,61,6,7587.1900000000005,3,4,5,345,Loyal Customers,1,False
1018,13374,415,2,422.8,1,2,2,122,At Risk,0,True
1019,13375,89,2,1792.23,3,2,4,324,Potential Loyalists,1,False
1020,13376,99,3,1019.76,3,3,3,333,Potential Loyalists,1,False
1021,13377,397,2,1552.88,2,2,4,224,At Risk,0,True
1022,13379,26,3,572.56,4,3,2,432,Potential Loyalists,1,False
1023,13380,433,1,62.4,1,1,1,111,Hibernating,0,True
1024,13381,32,12,8224.37,4,5,5,455,Champions,1,False
1025,13382,281,5,1387.58,2,4,4,244,At Risk,0,True
1026,13383,544,1,305.28000000000003,1,1,2,112,Hibernating,0,True
1027,13384,31,11,6680.83,4,5,5,455,Champions,1,False
1028,13385,330,1,534.57,2,1,2,212,Hibernating,0,True
1029,13386,414,2,835.46,1,2,3,123,At Risk,0,True
1030,13387,417,1,186.94,1,1,1,111,Hibernating,0,True
1031,13388,131,3,1185.65,3,3,3,333,Potential Loyalists,1,False
1032,13389,11,3,797.96,5,3,3,533,Potential Loyalists,1,False
1033,13390,75,1,544.08,3,1,2,312,Promising,1,False
1034,13391,204,1,59.8,2,1,1,211,Hibernating,1,True
1035,13392,677,1,91.14,1,1,1,111,Hibernating,0,True
1036,13393,584,4,1131.45,1,3,3,133,At Risk,0,True
1037,13394,2,19,6621.7,5,5,5,555,Champions,1,False
1038,13395,185,3,1180.23,3,3,3,333,Potential Loyalists,1,True
1039,13396,29,2,1360.99,4,2,4,424,Potential Loyalists,1,False
1040,13397,73,10,3191.87,3,5,5,355,Loyal Customers,1,False
1041,13398,192,2,670.34,2,2,3,223,At Risk,1,True
1042,13399,464,3,275.4,1,3,1,131,Others,0,True
1043,13400,583,1,310.83,1,1,2,112,Hibernating,0,True
1044,13402,127,4,1226.8500000000001,3,3,4,334,Potential Loyalists,1,False
1045,13403,18,3,229.5,5,3,1,531,Potential Loyalists,1,False
1046,13404,1,2,252.49,5,2,1,521,Potential Loyalists,1,False
1047,13405,74,6,1213.811,3,4,3,343,Loyal Customers,1,False
1048,13406,427,2,568.92,1,2,2,122,At Risk,0,True
1049,13407,579,3,2244.7,1,3,4,134,At Risk,0,True
1050,13408,2,106,50174.782,5,5,5,555,Champions,2,False
1051,13410,24,9,2201.96,4,5,4,454,Champions,1,False
1052,13411,107,1,213.55,3,1,1,311,Promising,1,False
1053,13412,620,1,487.34999999999997,1,1,2,112,Hibernating,0,True
1054,13413,640,6,429.44,1,4,2,142,At Risk,0,True
1055,13414,134,6,2494.14,3,4,4,344,Loyal Customers,1,False
1056,13415,473,4,784.17,1,3,3,133,At Risk,0,True
1057,13416,44,3,940.8000000000001,4,3,3,433,Potential Loyalists,1,False
1058,13417,5,6,1669.49,5,4,4,544,Champions,1,False
1059,13418,12,31,11559.66,5,5,5,555,Champions,1,False
1060,13419,64,1,221.06,3,1,1,311,Promising,1,False
1061,13420,150,2,159.85,3,2,1,321,Potential Loyalists,1,False
1062,13421,40,8,4058.75,4,4,5,445,Champions,1,False
1063,13422,64,1,2626.3,3,1,4,314,Promising,1,False
1064,13423,429,1,217.03,1,1,1,111,Hibernating,0,True
1065,13424,450,1,572.77,1,1,2,112,Hibernating,0,True
1066,13425,108,5,3390.4300000000003,3,4,5,345,Loyal Customers,1,False
1067,13426,1,22,8167.38,5,5,5,555,Champions,1,False
1068,13427,19,6,1006.53,5,4,3,543,Loyal Customers,1,False
1069,13428,10,3,478.54,5,3,2,532,Potential Loyalists,1,False
1070,13429,11,4,1006.8,5,3,3,533,Potential Loyalists,1,False
1071,13430,19,2,679.45,5,2,3,523,Potential Loyalists,1,False
1072,13431,67,8,3316.24,3,4,5,345,Loyal Customers,1,False
1073,13432,571,2,439.1,1,2,2,122,At Risk,0,True
1074,13433,501,4,658.3199999999999,1,3,3,133,At Risk,0,True
1075,13434,74,5,1666.8600000000001,3,4,4,344,Loyal Customers,1,False
1076,13435,5,9,4447.33,5,5,5,555,Champions,1,False
1077,13436,2,1,196.89,5,1,1,511,Recent Customers,1,False
1078,13437,14,7,3408.06,5,4,5,545,Champions,1,False
1079,13438,547,1,46.5,1,1,1,111,Hibernating,0,True
1080,13439,255,3,986.61,2,3,3,233,At Risk,1,True
1081,13440,423,7,1295.25,1,4,4,144,At Risk,0,True
1082,13441,92,2,720.9,3,2,3,323,Potential Loyalists,1,False
1083,13442,667,3,419.87,1,3,2,132,At Risk,0,True
1084,13443,449,6,1273.16,1,4,4,144,At Risk,0,True
1085,13444,374,2,619.08,2,2,3,223,At Risk,0,True
1086,13445,626,1,241.89999999999998,1,1,1,111,Hibernating,0,True
1087,13446,430,11,3881.89,1,5,5,155,At Risk,0,True
1088,13447,23,3,1129.14,4,3,3,433,Potential Loyalists,1,False
1089,13448,17,13,8745.93,5,5,5,555,Champions,1,False
1090,13449,24,1,291.88,4,1,2,412,Recent Customers,1,False
1091,13450,27,13,4120.04,4,5,5,455,Champions,1,False
1092,13451,26,11,7090.06,4,5,5,455,Champions,1,False
1093,13452,259,3,729.8,2,3,3,233,At Risk,0,True
1094,13453,166,3,781.6899999999999,3,3,3,333,Potential Loyalists,1,False
1095,13454,641,1,219.87,1,1,1,111,Hibernating,0,True
1096,13455,25,6,2212.9900000000002,4,4,4,444,Champions,1,False
1097,13456,18,6,1766.72,5,4,4,544,Champions,1,False
1098,13457,689,2,148.22,1,2,1,121,Hibernating,0,True
1099,13458,7,16,11959.27,5,5,5,555,Champions,1,False
1100,13459,625,2,1160.4099999999999,1,2,3,123,At Risk,0,True
1101,13460,29,2,183.44,4,2,1,421,Potential Loyalists,1,False
1102,13461,39,6,4160.0,4,4,5,445,Champions,1,False
1103,13462,253,5,1153.85,2,4,3,243,At Risk,1,True
1104,13464,58,6,3097.64,4,4,5,445,Champions,1,False
1105,13465,446,2,931.12,1,2,3,123,At Risk,0,True
1106,13466,184,5,1013.35,3,4,3,343,Loyal Customers,1,True
1107,13467,11,2,1071.91,5,2,3,523,Potential Loyalists,1,False
1108,13468,2,72,12793.28,5,5,5,555,Champions,1,False
1109,13469,653,1,82.4,1,1,1,111,Hibernating,0,True
1110,13470,99,2,165.0,3,2,1,321,Potential Loyalists,1,False
1111,13471,1,4,2501.84,5,3,4,534,Potential Loyalists,1,False
1112,13472,464,2,592.24,1,2,2,122,At Risk,0,True
1113,13473,61,8,2657.7599999999998,3,4,4,344,Loyal Customers,1,False
1114,13474,236,3,646.59,2,3,3,233,At Risk,1,True
1115,13475,191,4,1431.78,2,3,4,234,At Risk,1,True
1116,13476,179,5,2061.4700000000003,3,4,4,344,Loyal Customers,1,False
1117,13477,38,11,2819.17,4,5,4,454,Champions,1,False
1118,13478,469,5,2215.78,1,4,4,144,At Risk,0,True
1119,13479,201,4,851.37,2,3,3,233,At Risk,1,True
1120,13480,417,2,627.82,1,2,3,123,At Risk,0,True
1121,13481,46,11,3830.84,4,5,5,455,Champions,1,False
1122,13482,232,2,336.09,2,2,2,222,At Risk,1,True
1123,13483,66,1,140.34,3,1,1,311,Promising,1,False
1124,13484,241,3,790.72,2,3,3,233,At Risk,1,True
1125,13485,233,11,3019.2200000000003,2,5,5,255,At Risk,1,True
1126,13486,78,3,1122.41,3,3,3,333,Potential Loyalists,1,False
1127,13487,58,5,846.87,4,4,3,443,Loyal Customers,1,False
1128,13488,17,23,14205.96,5,5,5,555,Champions,1,False
1129,13489,105,4,449.52,3,3,2,332,Potential Loyalists,1,False
1130,13490,654,1,154.25,1,1,1,111,Hibernating,0,True
1131,13491,52,27,4467.66,4,5,5,455,Champions,1,False
1132,13492,136,3,1269.84,3,3,4,334,Potential Loyalists,1,False
1133,13493,275,2,618.63,2,2,3,223,At Risk,0,True
1134,13494,312,1,316.26000000000005,2,1,2,212,Hibernating,0,True
1135,13495,8,10,4863.31,5,5,5,555,Champions,1,False
1136,13496,11,2,653.33,5,2,3,523,Potential Loyalists,1,False
1137,13497,283,6,1166.83,2,4,3,243,At Risk,0,True
1138,13498,730,1,327.38,1,1,2,112,Hibernating,0,True
1139,13499,18,5,1159.11,5,4,3,543,Loyal Customers,1,False
1140,13500,23,4,1466.3,4,3,4,434,Potential Loyalists,1,False
1141,13501,288,3,2885.11,2,3,4,234,At Risk,0,True
1142,13502,17,5,780.5,5,4,3,543,Loyal Customers,1,False
1143,13503,71,6,1859.24,3,4,4,344,Loyal Customers,1,False
1144,13504,64,1,295.93,3,1,2,312,Promising,1,False
1145,13505,73,4,4393.63,3,3,5,335,Potential Loyalists,1,False
1146,13506,316,5,1338.08,2,4,4,244,At Risk,0,True
1147,13507,3,4,2479.16,5,3,4,534,Potential Loyalists,1,False
1148,13508,244,2,287.05,2,2,2,222,At Risk,1,True
1149,13509,9,8,1114.72,5,4,3,543,Loyal Customers,1,False
1150,13510,1,11,4558.29,5,5,5,555,Champions,1,False
1151,13511,677,1,282.76,1,1,1,111,Hibernating,0,True
1152,13512,261,4,713.39,2,3,3,233,At Risk,0,True
1153,13513,127,3,824.59,3,3,3,333,Potential Loyalists,1,False
1154,13514,74,4,815.9000000000001,3,3,3,333,Potential Loyalists,1,False
1155,13515,73,6,1265.82,3,4,4,344,Loyal Customers,1,False
1156,13516,21,4,1685.26,4,3,4,434,Potential Loyalists,1,False
1157,13517,60,3,2128.42,3,3,4,334,Potential Loyalists,1,False
1158,13518,86,1,627.16,3,1,3,313,Promising,1,False
1159,13519,78,2,343.21,3,2,2,322,Potential Loyalists,1,False
1160,13520,59,11,6606.0,4,5,5,455,Champions,1,False
1161,13521,1,3,1071.73,5,3,3,533,Potential Loyalists,1,False
1162,13522,30,1,125.80000000000001,4,1,1,411,Recent Customers,1,False
1163,13523,33,6,4534.57,4,4,5,445,Champions,1,False
1164,13524,41,5,680.1800000000001,4,4,3,443,Loyal Customers,1,False
1165,13525,15,2,628.78,5,2,3,523,Potential Loyalists,1,False
1166,13526,738,2,1182.0,1,2,3,123,At Risk,0,True
1167,13527,34,12,4541.29,4,5,5,455,Champions,1,False
1168,13529,79,2,307.76,3,2,2,322,Potential Loyalists,1,False
1169,13530,634,1,402.97999999999996,1,1,2,112,Hibernating,0,True
1170,13531,205,6,1433.07,2,4,4,244,At Risk,1,True
1171,13532,34,1,210.31,4,1,1,411,Recent Customers,1,False
1172,13533,183,3,269.09,3,3,1,331,Potential Loyalists,1,True
1173,13534,2,35,7720.9,5,5,5,555,Champions,1,False
1174,13535,403,1,89.5,2,1,1,211,Hibernating,0,True
1175,13536,1,7,3444.39,5,4,5,545,Champions,1,False
1176,13537,426,2,717.85,1,2,3,123,At Risk,0,True
1177,13538,43,12,3103.13,4,5,5,455,Champions,1,False
1178,13539,86,7,1569.3600000000001,3,4,4,344,Loyal Customers,1,False
1179,13540,467,3,632.39,1,3,3,133,At Risk,0,True
1180,13541,427,2,785.25,1,2,3,123,At Risk,0,True
1181,13542,377,17,3959.4900000000002,2,5,5,255,At Risk,0,True
1182,13543,634,2,1439.6100000000001,1,2,4,124,At Risk,0,True
1183,13544,40,6,790.2,4,4,3,443,Loyal Customers,1,False
1184,13545,391,2,364.93,2,2,2,222,At Risk,0,True
1185,13546,12,5,1086.24,5,4,3,543,Loyal Customers,1,False
1186,13547,408,1,167.08,2,1,1,211,Hibernating,0,True
1187,13548,96,3,901.44,3,3,3,333,Potential Loyalists,1,False
1188,13549,26,8,1005.8,4,4,3,443,Loyal Customers,1,False
1189,13550,383,1,342.55,2,1,2,212,Hibernating,0,True
1190,13551,319,2,244.2,2,2,1,221,Hibernating,0,True
1191,13552,66,22,6948.92,3,5,5,355,Loyal Customers,1,False
1192,13553,675,1,499.6,1,1,2,112,Hibernating,0,True
1193,13554,380,7,1629.35,2,4,4,244,At Risk,0,True
1194,13555,74,13,8891.84,3,5,5,355,Loyal Customers,1,False
1195,13556,429,2,200.82,1,2,1,121,Hibernating,0,True
1196,13557,28,13,3032.26,4,5,5,455,Champions,1,False
1197,13558,6,4,594.52,5,3,2,532,Potential Loyalists,1,False
1198,13559,513,2,990.0,1,2,3,123,At Risk,0,True
1199,13560,7,1,171.42000000000002,5,1,1,511,Recent Customers,1,False
1200,13561,216,11,1803.4,2,5,4,254,At Risk,1,True
1201,13562,82,8,4838.18,3,4,5,345,Loyal Customers,1,False
1202,13563,84,2,777.53,3,2,3,323,Potential Loyalists,1,False
1203,13564,144,37,16498.97,3,5,5,355,Loyal Customers,1,False
1204,13565,19,3,414.8,5,3,2,532,Potential Loyalists,1,False
1205,13566,41,5,1688.6,4,4,4,444,Champions,1,False
1206,13567,428,4,1079.29,1,3,3,133,At Risk,0,True
1207,13568,173,1,187.05,3,1,1,311,Promising,1,False
1208,13569,17,4,726.54,5,3,3,533,Potential Loyalists,1,False
1209,13570,243,1,239.49,2,1,1,211,Hibernating,1,True
1210,13571,13,26,4537.26,5,5,5,555,Champions,1,False
1211,13572,206,1,1384.25,2,1,4,214,Others,1,True
1212,13573,50,6,904.52,4,4,3,443,Loyal Customers,1,False
1213,13574,411,1,404.45,1,1,2,112,Hibernating,0,True
1214,13575,23,5,732.0699999999999,4,4,3,443,Loyal Customers,1,False
1215,13576,10,28,11202.59,5,5,5,555,Champions,1,False
1216,13577,25,11,3489.28,4,5,5,455,Champions,1,False
1217,13578,409,1,147.66,2,1,1,211,Hibernating,0,True
1218,13579,15,5,1374.34,5,4,4,544,Champions,1,False
1219,13580,406,1,107.75,2,1,1,211,Hibernating,0,True
1220,13581,309,2,280.53000000000003,2,2,1,221,Hibernating,0,True
1221,13582,390,2,241.68,2,2,1,221,Hibernating,0,True
1222,13583,156,2,1445.031,3,2,4,324,Potential Loyalists,1,False
1223,13584,307,3,385.7,2,3,2,232,At Risk,0,True
1224,13585,531,3,684.54,1,3,3,133,At Risk,0,True
1225,13586,541,1,127.28,1,1,1,111,Hibernating,0,True
1226,13587,64,4,1673.5,3,3,4,334,Potential Loyalists,1,False
1227,13588,16,9,2478.95,5,5,4,554,Champions,1,False
1228,13589,15,6,1120.74,5,4,3,543,Loyal Customers,1,False
1229,13590,11,18,6336.04,5,5,5,555,Champions,1,False
1230,13591,65,7,2093.94,3,4,4,344,Loyal Customers,1,False
1231,13592,36,4,247.95999999999998,4,3,1,431,Potential Loyalists,1,False
1232,13593,108,14,5493.29,3,5,5,355,Loyal Customers,1,False
1233,13594,53,2,533.32,4,2,2,422,Potential Loyalists,1,False
1234,13595,517,3,784.48,1,3,3,133,At Risk,0,True
1235,13596,6,2,664.11,5,2,3,523,Potential Loyalists,1,False
1236,13597,400,2,396.71,2,2,2,222,At Risk,0,True
1237,13598,47,5,761.96,4,4,3,443,Loyal Customers,1,False
1238,13599,1,33,9811.04,5,5,5,555,Champions,1,False
1239,13600,312,2,518.42,2,2,2,222,At Risk,0,True
1240,13601,45,4,1159.99,4,3,3,433,Potential Loyalists,1,False
1241,13602,65,4,1025.17,3,3,3,333,Potential Loyalists,1,False
1242,13603,26,1,164.34,4,1,1,411,Recent Customers,1,False
1243,13604,659,1,717.62,1,1,3,113,Others,0,True
1244,13605,387,2,522.67,2,2,2,222,At Risk,0,True
1245,13606,29,3,276.75,4,3,1,431,Potential Loyalists,1,False
1246,13607,40,2,1075.81,4,2,3,423,Potential Loyalists,1,False
1247,13608,541,1,232.05,1,1,1,111,Hibernating,0,True
1248,13609,593,1,167.35,1,1,1,111,Hibernating,0,True
1249,13610,12,14,2103.71,5,5,4,554,Champions,1,False
1250,13611,89,10,3297.9300000000003,3,5,5,355,Loyal Customers,1,False
1251,13612,633,1,818.29,1,1,3,113,Others,0,True
1252,13613,453,5,1039.8500000000001,1,4,3,143,At Risk,0,True
1253,13614,24,6,2332.74,4,4,4,444,Champions,1,False
1254,13615,319,8,6272.53,2,4,5,245,At Risk,0,True
1255,13616,568,2,283.85,1,2,1,121,Hibernating,0,True
1256,13617,40,8,1278.75,4,4,4,444,Champions,1,False
1257,13618,174,1,177.34,3,1,1,311,Promising,1,False
1258,13619,545,2,224.94,1,2,1,121,Hibernating,0,True
1259,13620,528,1,112.34,1,1,1,111,Hibernating,0,True
1260,13621,117,1,213.85,3,1,1,311,Promising,1,False
1261,13622,696,1,658.95,1,1,3,113,Others,0,True
1262,13623,31,10,2533.06,4,5,4,454,Champions,1,False
1263,13624,388,1,462.08,2,1,2,212,Hibernating,0,True
1264,13625,597,1,301.26,1,1,2,112,Hibernating,0,True
1265,13626,253,2,707.04,2,2,3,223,At Risk,1,True
1266,13627,59,7,2245.9,4,4,4,444,Champions,1,False
1267,13628,676,1,310.14,1,1,2,112,Hibernating,0,True
1268,13629,23,19,13370.86,4,5,5,455,Champions,1,False
1269,13630,5,7,2031.78,5,4,4,544,Champions,1,False
1270,13631,100,11,3070.42,3,5,5,355,Loyal Customers,1,False
1271,13632,25,8,3645.81,4,4,5,445,Champions,1,False
1272,13634,33,16,5033.77,4,5,5,455,Champions,1,False
1273,13635,68,4,2999.16,3,3,5,335,Potential Loyalists,1,False
1274,13636,37,5,949.12,4,4,3,443,Loyal Customers,1,False
1275,13637,52,3,804.3,4,3,3,433,Potential Loyalists,1,False
1276,13638,16,1,122.64,5,1,1,511,Recent Customers,1,False
1277,13639,74,2,1346.27,3,2,4,324,Potential Loyalists,1,False
1278,13640,611,1,405.0,1,1,2,112,Hibernating,0,True
1279,13641,641,5,1016.47,1,4,3,143,At Risk,0,True
1280,13642,216,4,472.2,2,3,2,232,At Risk,1,True
1281,13643,31,10,2156.77,4,5,4,454,Champions,1,False
1282,13644,16,4,2624.26,5,3,4,534,Potential Loyalists,1,False
1283,13645,120,1,252.1,3,1,1,311,Promising,1,False
1284,13646,400,2,326.25,2,2,2,222,At Risk,0,True
1285,13647,10,8,3041.68,5,4,5,545,Champions,1,False
1286,13648,400,8,1764.02,2,4,4,244,At Risk,0,True
1287,13649,257,6,1453.68,2,4,4,244,At Risk,1,True
1288,13650,17,10,3288.0,5,5,5,555,Champions,1,False
1289,13651,35,3,226.85,4,3,1,431,Potential Loyalists,1,False
1290,13652,46,5,2262.05,4,4,4,444,Champions,1,False
1291,13653,488,1,152.2,1,1,1,111,Hibernating,0,True
1292,13654,43,11,6308.0,4,5,5,455,Champions,1,False
1293,13655,114,6,2280.51,3,4,4,344,Loyal Customers,1,False
1294,13656,165,4,1078.85,3,3,3,333,Potential Loyalists,1,False
1295,13657,11,2,382.14,5,2,2,522,Potential Loyalists,1,False
1296,13658,10,9,6025.5,5,5,5,555,Champions,1,False
1297,13659,206,12,4884.68,2,5,5,255,At Risk,1,True
1298,13660,400,1,306.64,2,1,2,212,Hibernating,0,True
1299,13661,603,1,325.24,1,1,2,112,Hibernating,0,True
1300,13662,86,11,2233.61,3,5,4,354,Loyal Customers,1,False
1301,13663,179,5,2047.51,3,4,4,344,Loyal Customers,1,False
1302,13665,386,3,1711.6599999999999,2,3,4,234,At Risk,0,True
1303,13666,60,5,127.89999999999999,3,4,1,341,Loyal Customers,1,False
1304,13667,149,1,299.05,3,1,2,312,Promising,1,False
1305,13668,3,35,12948.48,5,5,5,555,Champions,1,False
1306,13669,51,3,413.55,4,3,2,432,Potential Loyalists,1,False
1307,13670,75,1,349.7,3,1,2,312,Promising,1,False
1308,13671,395,1,172.6,2,1,1,211,Hibernating,0,True
1309,13672,301,3,419.92,2,3,2,232,At Risk,0,True
1310,13673,19,2,387.44,5,2,2,522,Potential Loyalists,1,False
1311,13674,433,1,240.68,1,1,1,111,Hibernating,0,True
1312,13675,151,2,486.82000000000005,3,2,2,322,Potential Loyalists,1,False
1313,13676,539,2,243.9,1,2,1,121,Hibernating,0,True
1314,13677,405,2,551.24,2,2,2,222,At Risk,0,True
1315,13678,152,1,232.6,3,1,1,311,Promising,1,False
1316,13679,494,3,281.26,1,3,1,131,Others,0,True
1317,13680,1,12,11419.67,5,5,5,555,Champions,1,False
1318,13681,18,4,827.83,5,3,3,533,Potential Loyalists,1,False
1319,13682,187,1,59.5,3,1,1,311,Promising,1,True
1320,13683,458,1,258.6,1,1,1,111,Hibernating,0,True
1321,13684,286,4,594.88,2,3,2,232,At Risk,0,True
1322,13685,3,7,3119.44,5,4,5,545,Champions,1,False
1323,13686,183,3,409.04,3,3,2,332,Potential Loyalists,1,True
1324,13687,438,1,11880.84,1,1,5,115,Others,0,True
1325,13688,635,1,375.5,1,1,2,112,Hibernating,0,True
1326,13689,63,2,1259.5,3,2,4,324,Potential Loyalists,1,False
1327,13690,59,1,172.25,4,1,1,411,Recent Customers,1,False
1328,13691,396,1,212.78,2,1,1,211,Hibernating,0,True
1329,13692,25,5,3114.4,4,4,5,445,Champions,1,False
1330,13693,374,9,2011.82,2,5,4,254,At Risk,0,True
1331,13694,4,143,195640.69,5,5,5,555,Champions,2,False
1332,13695,31,16,2770.73,4,5,4,454,Champions,1,False
1333,13696,422,3,2020.4,1,3,4,134,At Risk,0,True
1334,13697,39,1,151.29999999999998,4,1,1,411,Recent Customers,1,False
1335,13698,597,2,451.73,1,2,2,122,At Risk,0,True
1336,13699,155,2,764.15,3,2,3,323,Potential Loyalists,1,False
1337,13700,26,13,2596.9700000000003,4,5,4,454,Champions,1,False
1338,13701,447,1,161.0,1,1,1,111,Hibernating,0,True
1339,13702,446,1,135.18,1,1,1,111,Hibernating,0,True
1340,13703,318,2,425.56,2,2,2,222,At Risk,0,True
1341,13704,5,9,2308.06,5,5,4,554,Champions,1,False
1342,13705,8,7,1717.19,5,4,4,544,Champions,1,False
1343,13706,303,2,631.17,2,2,3,223,At Risk,0,True
1344,13707,267,5,3365.86,2,4,5,245,At Risk,0,True
1345,13708,271,1,285.33,2,1,1,211,Hibernating,0,True
1346,13709,4,18,7571.35,5,5,5,555,Champions,1,False
1347,13710,32,3,509.52,4,3,2,432,Potential Loyalists,1,False
1348,13711,219,9,1792.26,2,5,4,254,At Risk,1,True
1349,13712,247,2,766.42,2,2,3,223,At Risk,1,True
1350,13713,408,3,740.76,2,3,3,233,At Risk,0,True
1351,13714,465,1,161.35,1,1,1,111,Hibernating,0,True
1352,13715,281,17,8153.04,2,5,5,255,At Risk,1,True
1353,13716,269,1,138.28,2,1,1,211,Hibernating,0,True
1354,13717,32,8,1763.3,4,4,4,444,Champions,1,False
1355,13718,246,2,306.55,2,2,2,222,At Risk,1,True
1356,13719,15,11,2783.08,5,5,4,554,Champions,1,False
1357,13720,117,4,799.9,3,3,3,333,Potential Loyalists,1,False
1358,13721,36,2,741.54,4,2,3,423,Potential Loyalists,1,False
1359,13722,132,10,5635.41,3,5,5,355,Loyal Customers,1,False
1360,13723,217,6,1194.08,2,4,3,243,At Risk,1,True
1361,13724,637,1,213.01,1,1,1,111,Hibernating,0,True
1362,13725,50,8,1980.56,4,4,4,444,Champions,1,False
1363,13726,39,2,1079.6599999999999,4,2,3,423,Potential Loyalists,1,False
1364,13727,29,8,1074.15,4,4,3,443,Loyal Customers,1,False
1365,13728,37,16,2855.17,4,5,4,454,Champions,1,False
1366,13729,436,3,724.73,1,3,3,133,At Risk,0,True
1367,13730,136,2,752.6,3,2,3,323,Potential Loyalists,1,False
1368,13731,219,2,610.59,2,2,3,223,At Risk,1,True
1369,13732,28,1,491.86,4,1,2,412,Recent Customers,1,False
1370,13733,411,2,487.03000000000003,1,2,2,122,At Risk,0,True
1371,13734,509,4,6695.6900000000005,1,3,5,135,At Risk,0,True
1372,13735,25,13,9762.77,4,5,5,455,Champions,1,False
1373,13736,5,7,2752.47,5,4,4,544,Champions,1,False
1374,13737,200,1,339.59999999999997,2,1,2,212,Hibernating,1,True
1375,13738,396,1,434.78000000000003,2,1,2,212,Hibernating,0,True
1376,13739,18,2,292.2,5,2,2,522,Potential Loyalists,1,False
1377,13740,241,5,1582.77,2,4,4,244,At Risk,1,True
1378,13741,72,3,668.4300000000001,3,3,3,333,Potential Loyalists,1,False
1379,13742,17,12,3107.87,5,5,5,555,Champions,1,False
1380,13743,3,7,1341.6,5,4,4,544,Champions,1,False
1381,13744,95,2,1080.52,3,2,3,323,Potential Loyalists,1,False
1382,13745,162,2,777.36,3,2,3,323,Potential Loyalists,1,False
1383,13746,414,1,176.69,1,1,1,111,Hibernating,0,True
1384,13747,374,2,169.79999999999998,2,2,1,221,Hibernating,0,True
1385,13748,96,9,2064.35,3,5,4,354,Loyal Customers,1,False
1386,13750,54,11,3602.1800000000003,4,5,5,455,Champions,1,False
1387,13751,288,1,296.25,2,1,2,212,Hibernating,0,True
1388,13752,124,7,1579.8300000000002,3,4,4,344,Loyal Customers,1,False
1389,13753,288,4,2094.57,2,3,4,234,At Risk,0,True
1390,13754,152,3,447.05,3,3,2,332,Potential Loyalists,1,False
1391,13755,4,9,2108.06,5,5,4,554,Champions,1,False
1392,13756,2,23,8655.95,5,5,5,555,Champions,1,False
1393,13757,675,1,195.55,1,1,1,111,Hibernating,0,True
1394,13758,12,15,8698.13,5,5,5,555,Champions,1,False
1395,13759,33,2,659.4100000000001,4,2,3,423,Potential Loyalists,1,False
1396,13760,54,5,1363.6399999999999,4,4,4,444,Champions,1,False
1397,13761,50,6,1952.17,4,4,4,444,Champions,1,False
1398,13762,219,5,2472.48,2,4,4,244,At Risk,1,True
1399,13763,63,3,5217.4400000000005,3,3,5,335,Potential Loyalists,1,False
1400,13764,71,6,2919.62,3,4,5,345,Loyal Customers,1,False
1401,13765,653,1,352.821,1,1,2,112,Hibernating,0,True
1402,13766,495,1,190.35,1,1,1,111,Hibernating,0,True
1403,13767,2,73,33903.57,5,5,5,555,Champions,2,False
1404,13768,727,2,875.97,1,2,3,123,At Risk,0,True
1405,13769,2,20,5478.12,5,5,5,555,Champions,1,False
1406,13770,422,4,785.37,1,3,3,133,At Risk,0,True
1407,13771,64,9,5728.82,3,5,5,355,Loyal Customers,1,False
1408,13772,34,8,3100.02,4,4,5,445,Champions,1,False
1409,13773,397,2,301.54,2,2,2,222,At Risk,0,True
1410,13774,82,1,345.0,3,1,2,312,Promising,1,False
1411,13775,591,1,1049.66,1,1,3,113,Others,0,True
1412,13776,428,2,623.98,1,2,3,123,At Risk,0,True
1413,13777,1,61,49638.26,5,5,5,555,Champions,2,False
1414,13778,103,4,1124.49,3,3,3,333,Potential Loyalists,1,False
1415,13779,516,1,161.13,1,1,1,111,Hibernating,0,True
1416,13780,7,3,732.07,5,3,3,533,Potential Loyalists,1,False
1417,13781,251,3,778.83,2,3,3,233,At Risk,1,True
1418,13782,13,13,1786.08,5,5,4,554,Champions,1,False
1419,13783,488,4,1542.09,1,3,4,134,At Risk,0,True
1420,13784,10,14,2910.23,5,5,5,555,Champions,1,False
1421,13785,429,4,542.49,1,3,2,132,At Risk,0,True
1422,13786,367,6,3127.99,2,4,5,245,At Risk,0,True
1423,13787,76,6,1222.5,3,4,4,344,Loyal Customers,1,False
1424,13788,505,1,3.75,1,1,1,111,Hibernating,0,True
1425,13789,388,1,239.45999999999998,2,1,1,211,Hibernating,0,True
1426,13790,4,1,348.8,5,1,2,512,Recent Customers,1,False
1427,13791,128,2,1516.0,3,2,4,324,Potential Loyalists,1,False
1428,13792,66,3,383.95,3,3,2,332,Potential Loyalists,1,False
1429,13793,647,1,96.0,1,1,1,111,Hibernating,0,True
1430,13794,547,1,126.03,1,1,1,111,Hibernating,0,True
1431,13795,388,4,836.3,2,3,3,233,At Risk,0,True
1432,13796,499,1,289.7,1,1,2,112,Hibernating,0,True
1433,13797,437,3,1179.45,1,3,3,133,At Risk,0,True
1434,13798,1,110,75428.87,5,5,5,555,Champions,2,False
1435,13799,117,9,2803.57,3,5,4,354,Loyal Customers,1,False
1436,13800,310,3,1679.56,2,3,4,234,At Risk,0,True
1437,13801,67,1,324.8,3,1,2,312,Promising,1,False
1438,13802,139,19,26259.11,3,5,5,355,Loyal Customers,1,False
1439,13803,255,3,1338.91,2,3,4,234,At Risk,1,True
1440,13804,31,9,3161.12,4,5,5,455,Champions,1,False
1441,13805,52,2,924.6,4,2,3,423,Potential Loyalists,1,False
1442,13806,64,1,256.38,3,1,1,311,Promising,1,False
1443,13807,367,3,422.2,2,3,2,232,At Risk,0,True
1444,13808,6,5,1747.66,5,4,4,544,Champions,1,False
1445,13809,305,3,679.7,2,3,3,233,At Risk,0,True
1446,13810,29,3,1499.01,4,3,4,434,Potential Loyalists,1,False
1447,13811,184,3,814.5,3,3,3,333,Potential Loyalists,1,True
1448,13812,42,3,539.0,4,3,2,432,Potential Loyalists,1,False
1449,13813,40,8,2765.47,4,4,4,444,Champions,1,False
1450,13814,92,3,2257.32,3,3,4,334,Potential Loyalists,1,False
1451,13815,22,8,7475.74,4,4,5,445,Champions,1,False
1452,13816,24,2,571.6700000000001,4,2,2,422,Potential Loyalists,1,False
1453,13817,29,2,382.98,4,2,2,422,Potential Loyalists,1,False
1454,13818,430,1,61.28,1,1,1,111,Hibernating,0,True
1455,13819,302,6,2642.35,2,4,4,244,At Risk,0,True
1456,13820,418,3,652.75,1,3,3,133,At Risk,0,True
1457,13821,145,6,1379.08,3,4,4,344,Loyal Customers,1,False
1458,13822,6,2,632.0,5,2,3,523,Potential Loyalists,1,False
1459,13823,19,7,3403.4500000000003,5,4,5,545,Champions,1,False
1460,13824,33,12,3314.76,4,5,5,455,Champions,1,False
1461,13825,622,2,255.59,1,2,1,121,Hibernating,0,True
1462,13826,176,1,189.5,3,1,1,311,Promising,1,False
1463,13827,58,3,409.8,4,3,2,432,Potential Loyalists,1,False
1464,13828,22,1,209.49,4,1,1,411,Recent Customers,1,False
1465,13829,421,1,102.0,1,1,1,111,Hibernating,0,True
1466,13830,582,1,156.85000000000002,1,1,1,111,Hibernating,0,True
1467,13831,16,18,6585.54,5,5,5,555,Champions,1,False
1468,13832,19,2,609.89,5,2,3,523,Potential Loyalists,1,False
1469,13833,159,2,700.41,3,2,3,323,Potential Loyalists,1,False
1470,13834,577,2,324.19,1,2,2,122,At Risk,0,True
1471,13835,25,7,1095.27,4,4,3,443,Loyal Customers,1,False
1472,13836,399,2,620.37,2,2,3,223,At Risk,0,True
1473,13837,212,2,266.59000000000003,2,2,1,221,Hibernating,1,True
1474,13838,6,10,1690.07,5,5,4,554,Champions,1,False
1475,13839,486,1,139.95000000000002,1,1,1,111,Hibernating,0,True
1476,13840,416,1,651.4,1,1,3,113,Others,0,True
1477,13841,253,1,85.0,2,1,1,211,Hibernating,0,True
1478,13842,59,18,5319.34,4,5,5,455,Champions,1,False
1479,13843,381,1,319.75,2,1,2,212,Hibernating,0,True
1480,13844,11,1,361.62,5,1,2,512,Recent Customers,1,False
1481,13845,65,1,312.98,3,1,2,312,Promising,1,False
1482,13846,25,4,1307.79,4,3,4,434,Potential Loyalists,1,False
1483,13847,720,1,310.72,1,1,2,112,Hibernating,0,True
1484,13848,92,8,3015.0,3,4,5,345,Loyal Customers,1,False
1485,13849,52,5,3469.3,4,4,5,445,Champions,1,False
1486,13850,129,1,1595.48,3,1,4,314,Promising,1,False
1487,13851,96,8,4606.46,3,4,5,345,Loyal Customers,1,False
1488,13852,611,1,187.35000000000002,1,1,1,111,Hibernating,0,True
1489,13853,57,1,1090.14,4,1,3,413,Recent Customers,1,False
1490,13854,9,39,11944.56,5,5,5,555,Champions,1,False
1491,13855,501,4,1310.3400000000001,1,3,4,134,At Risk,0,True
1492,13856,169,11,1142.03,3,5,3,353,Loyal Customers,1,False
1493,13857,393,6,1001.01,2,4,3,243,At Risk,0,True
1494,13858,57,1,216.17,4,1,1,411,Recent Customers,1,False
1495,13859,326,2,515.86,2,2,2,222,At Risk,0,True
1496,13860,1,5,1245.9,5,4,4,544,Champions,1,False
1497,13861,429,2,273.26,1,2,1,121,Hibernating,0,True
1498,13862,18,9,2556.09,5,5,4,554,Champions,1,False
1499,13863,248,4,1239.55,2,3,4,234,At Risk,1,True
1500,13864,387,1,662.4000000000001,2,1,3,213,Others,0,True
1501,13865,58,4,501.56,4,3,2,432,Potential Loyalists,1,False
1502,13866,74,1,145.67000000000002,3,1,1,311,Promising,1,False
1503,13867,31,3,1005.09,4,3,3,433,Potential Loyalists,1,False
1504,13868,7,2,3192.54,5,2,5,525,Potential Loyalists,1,False
1505,13869,123,10,7996.87,3,5,5,355,Loyal Customers,1,False
1506,13870,2,15,5712.08,5,5,5,555,Champions,1,False
1507,13871,23,17,7885.85,4,5,5,455,Champions,1,False
1508,13872,527,3,919.57,1,3,3,133,At Risk,0,True
1509,13873,120,8,1038.92,3,4,3,343,Loyal Customers,1,False
1510,13874,358,7,2049.15,2,4,4,244,At Risk,0,True
1511,13875,54,14,4814.37,4,5,5,455,Champions,1,False
1512,13876,64,1,122.7,3,1,1,311,Promising,1,False
1513,13877,86,3,449.68,3,3,2,332,Potential Loyalists,1,False
1514,13878,55,4,2416.9,4,3,4,434,Potential Loyalists,1,False
1515,13879,646,1,395.5,1,1,2,112,Hibernating,0,True
1516,13880,21,17,4293.86,4,5,5,455,Champions,1,False
1517,13881,4,43,45179.1,5,5,5,555,Champions,1,False
1518,13882,3,5,1191.13,5,4,3,543,Loyal Customers,1,False
1519,13883,11,15,6560.02,5,5,5,555,Champions,1,False
1520,13884,7,10,1825.03,5,5,4,554,Champions,1,False
1521,13885,189,2,506.8,3,2,2,322,Potential Loyalists,1,True
1522,13886,71,1,243.56,3,1,1,311,Promising,1,False
1523,13887,204,1,349.55,2,1,2,212,Hibernating,1,True
1524,13888,120,7,2001.59,3,4,4,344,Loyal Customers,1,False
1525,13889,93,6,1991.23,3,4,4,344,Loyal Customers,1,False
1526,13890,1,14,2927.38,5,5,5,555,Champions,1,False
1527,13891,378,3,859.21,2,3,3,233,At Risk,0,True
1528,13892,27,6,1267.6499999999999,4,4,4,444,Champions,1,False
1529,13893,298,1,821.1,2,1,3,213,Others,0,True
1530,13894,24,3,564.62,4,3,2,432,Potential Loyalists,1,False
1531,13895,28,6,4008.52,4,4,5,445,Champions,1,False
1532,13896,626,1,388.55,1,1,2,112,Hibernating,0,True
1533,13897,50,3,1160.72,4,3,3,433,Potential Loyalists,1,False
1534,13898,326,2,686.4,2,2,3,223,At Risk,0,True
1535,13899,16,2,388.52,5,2,2,522,Potential Loyalists,1,False
1536,13900,183,6,1610.59,3,4,4,344,Loyal Customers,1,True
1537,13901,72,15,5676.34,3,5,5,355,Loyal Customers,1,False
1538,13902,632,5,34095.26,1,4,5,145,At Risk,0,True
1539,13903,400,1,165.45000000000002,2,1,1,211,Hibernating,0,True
1540,13904,37,2,332.64,4,2,2,422,Potential Loyalists,1,False
1541,13905,733,1,312.65,1,1,2,112,Hibernating,0,True
1542,13906,409,1,42.0,2,1,1,211,Hibernating,0,True
1543,13907,692,1,136.8,1,1,1,111,Hibernating,0,True
1544,13908,80,4,2369.55,3,3,4,334,Potential Loyalists,1,False
1545,13909,423,2,282.85,1,2,1,121,Hibernating,0,True
1546,13911,57,20,4234.99,4,5,5,455,Champions,1,False
1547,13912,424,1,124.95,1,1,1,111,Hibernating,0,True
1548,13913,507,1,42.22,1,1,1,111,Hibernating,0,True
1549,13914,12,2,626.45,5,2,3,523,Potential Loyalists,1,False
1550,13915,394,1,70.80000000000001,2,1,1,211,Hibernating,0,True
1551,13916,464,4,1275.81,1,3,4,134,At Risk,0,True
1552,13917,50,2,272.04,4,2,1,421,Potential Loyalists,1,False
1553,13918,50,2,1212.8400000000001,4,2,3,423,Potential Loyalists,1,False
1554,13919,59,4,1360.68,4,3,4,434,Potential Loyalists,1,False
1555,13920,432,4,1774.68,1,3,4,134,At Risk,0,True
1556,13921,402,4,730.7,2,3,3,233,At Risk,0,True
1557,13922,352,3,865.2,2,3,3,233,At Risk,0,True
1558,13923,54,1,351.13,4,1,2,412,Recent Customers,1,False
1559,13924,2,6,1838.8500000000001,5,4,4,544,Champions,1,False
1560,13925,93,4,678.25,3,3,3,333,Potential Loyalists,1,False
1561,13926,23,1,223.85000000000002,4,1,1,411,Recent Customers,1,False
1562,13927,75,2,708.26,3,2,3,323,Potential Loyalists,1,False
1563,13928,11,4,464.57,5,3,2,532,Potential Loyalists,1,False
1564,13929,169,11,3494.1,3,5,5,355,Loyal Customers,1,False
1565,13930,58,2,337.34,4,2,2,422,Potential Loyalists,1,False
1566,13931,96,11,5257.38,3,5,5,355,Loyal Customers,1,False
1567,13932,295,1,307.4,2,1,2,212,Hibernating,0,True
1568,13933,109,2,608.7900000000001,3,2,2,322,Potential Loyalists,1,False
1569,13934,264,1,922.1,2,1,3,213,Others,0,True
1570,13935,597,3,6116.92,1,3,5,135,At Risk,0,True
1571,13936,180,3,939.66,3,3,3,333,Potential Loyalists,1,False
1572,13937,169,2,880.13,3,2,3,323,Potential Loyalists,1,False
1573,13938,35,1,71.66,4,1,1,411,Recent Customers,1,False
1574,13939,23,7,1560.96,4,4,4,444,Champions,1,False
1575,13940,17,4,839.14,5,3,3,533,Potential Loyalists,1,False
1576,13941,22,15,10027.18,4,5,5,455,Champions,1,False
1577,13942,535,1,320.0,1,1,2,112,Hibernating,0,True
1578,13943,578,1,246.54,1,1,1,111,Hibernating,0,True
1579,13944,653,1,200.43,1,1,1,111,Hibernating,0,True
1580,13945,395,2,854.15,2,2,3,223,At Risk,0,True
1581,13946,79,6,1876.23,3,4,4,344,Loyal Customers,1,False
1582,13947,65,1,90.6,3,1,1,311,Promising,1,False
1583,13948,361,4,548.76,2,3,2,232,At Risk,0,True
1584,13949,3,6,2427.32,5,4,4,544,Champions,1,False
1585,13950,11,4,745.06,5,3,3,533,Potential Loyalists,1,False
1586,13951,176,3,674.45,3,3,3,333,Potential Loyalists,1,False
1587,13952,218,14,12823.521,2,5,5,255,At Risk,1,True
1588,13953,7,12,6640.68,5,5,5,555,Champions,1,False
1589,13954,2,2,439.92,5,2,2,522,Potential Loyalists,1,False
1590,13955,154,3,544.0699999999999,3,3,2,332,Potential Loyalists,1,False
1591,13956,5,5,1019.27,5,4,3,543,Loyal Customers,1,False
1592,13957,418,3,458.25,1,3,2,132,At Risk,0,True
1593,13958,380,8,4709.2300000000005,2,4,5,245,At Risk,0,True
1594,13959,79,6,1064.77,3,4,3,343,Loyal Customers,1,False
1595,13960,21,2,230.22,4,2,1,421,Potential Loyalists,1,False
1596,13961,392,1,538.4,2,1,2,212,Hibernating,0,True
1597,13962,22,3,362.8,4,3,2,432,Potential Loyalists,1,False
1598,13963,308,17,2860.57,2,5,4,254,At Risk,0,True
1599,13964,387,2,438.9,2,2,2,222,At Risk,0,True
1600,13965,477,3,996.61,1,3,3,133,At Risk,0,True
1601,13966,435,1,384.26,1,1,2,112,Hibernating,0,True
1602,13967,146,2,166.3,3,2,1,321,Potential Loyalists,1,False
1603,13968,423,1,123.66,1,1,1,111,Hibernating,0,True
1604,13969,7,35,12973.460000000001,5,5,5,555,Champions,1,False
1605,13970,386,2,846.55,2,2,3,223,At Risk,0,True
1606,13971,19,14,4667.57,5,5,5,555,Champions,1,False
1607,13972,71,2,190.25,3,2,1,321,Potential Loyalists,1,False
1608,13973,287,1,264.7,2,1,1,211,Hibernating,0,True
1609,13974,49,2,677.72,4,2,3,423,Potential Loyalists,1,False
1610,13975,31,12,5256.4,4,5,5,455,Champions,1,False
1611,13976,207,4,1192.36,2,3,3,233,At Risk,1,True
1612,13977,411,1,519.8100000000001,1,1,2,112,Hibernating,0,True
1613,13978,15,2,196.79000000000002,5,2,1,521,Potential Loyalists,1,False
1614,13979,73,7,3379.93,3,4,5,345,Loyal Customers,1,False
1615,13980,60,5,768.82,3,4,3,343,Loyal Customers,1,False
1616,13981,416,1,331.14,1,1,2,112,Hibernating,0,True
1617,13982,39,9,3954.29,4,5,5,455,Champions,1,False
1618,13983,30,21,6753.89,4,5,5,455,Champions,1,False
1619,13984,27,12,1893.8,4,5,4,454,Champions,1,False
1620,13985,4,22,10020.86,5,5,5,555,Champions,1,False
1621,13986,17,1,320.46,5,1,2,512,Recent Customers,1,False
1622,13987,380,2,682.54,2,2,3,223,At Risk,0,True
1623,13988,20,8,4757.8,4,4,5,445,Champions,1,False
1624,13989,66,5,2026.06,3,4,4,344,Loyal Customers,1,False
1625,13990,213,1,311.3,2,1,2,212,Hibernating,1,True
1626,13991,12,6,852.88,5,4,3,543,Loyal Customers,1,False
1627,13992,30,3,219.5,4,3,1,431,Potential Loyalists,1,False
1628,13993,43,19,6775.71,4,5,5,455,Champions,1,False
1629,13994,4,6,2274.14,5,4,4,544,Champions,1,False
1630,13995,15,14,3902.01,5,5,5,555,Champions,1,False
1631,13996,386,2,895.76,2,2,3,223,At Risk,0,True
1632,13997,519,3,376.46,1,3,2,132,At Risk,0,True
1633,13998,447,3,566.7,1,3,2,132,At Risk,0,True
1634,13999,10,29,9502.26,5,5,5,555,Champions,1,False
1635,14000,211,5,2046.3400000000001,2,4,4,244,At Risk,1,True
1636,14001,46,9,4228.85,4,5,5,455,Champions,1,False
1637,14002,134,2,529.73,3,2,2,322,Potential Loyalists,1,False
1638,14003,733,1,209.41,1,1,1,111,Hibernating,0,True
1639,14004,43,11,6258.45,4,5,5,455,Champions,1,False
1640,14005,10,5,2874.72,5,4,4,544,Champions,1,False
1641,14006,116,7,2196.67,3,4,4,344,Loyal Customers,1,False
1642,14007,513,1,79.48,1,1,1,111,Hibernating,0,True
1643,14008,432,1,509.04,1,1,2,112,Hibernating,0,True
1644,14009,198,3,1099.91,2,3,3,233,At Risk,1,True
1645,14010,565,2,445.15,1,2,2,122,At Risk,0,True
1646,14011,480,2,457.82,1,2,2,122,At Risk,0,True
1647,14012,278,1,328.8,2,1,2,212,Hibernating,0,True
1648,14013,110,5,1084.57,3,4,3,343,Loyal Customers,1,False
1649,14014,77,3,1948.21,3,3,4,334,Potential Loyalists,1,False
1650,14015,53,1,917.34,4,1,3,413,Recent Customers,1,False
1651,14016,162,11,11403.41,3,5,5,355,Loyal Customers,1,False
1652,14017,571,1,229.75,1,1,1,111,Hibernating,0,True
1653,14018,645,1,367.15000000000003,1,1,2,112,Hibernating,0,True
1654,14019,47,3,1421.61,4,3,4,434,Potential Loyalists,1,False
1655,14020,17,4,1249.01,5,3,4,534,Potential Loyalists,1,False
1656,14021,155,7,1716.58,3,4,4,344,Loyal Customers,1,False
1657,14022,225,2,792.15,2,2,3,223,At Risk,1,True
1658,14023,7,2,584.07,5,2,2,522,Potential Loyalists,1,False
1659,14024,122,3,645.74,3,3,3,333,Potential Loyalists,1,False
1660,14025,465,8,4057.9,1,4,5,145,At Risk,0,True
1661,14026,471,2,713.11,1,2,3,123,At Risk,0,True
1662,14027,61,1,104.82,3,1,1,311,Promising,1,False
1663,14028,550,3,10396.5,1,3,5,135,At Risk,0,True
1664,14029,63,2,467.66,3,2,2,322,Potential Loyalists,1,False
1665,14030,18,20,7521.8,5,5,5,555,Champions,1,False
1666,14031,7,44,39019.51,5,5,5,555,Champions,1,False
1667,14032,2,16,4546.41,5,5,5,555,Champions,1,False
1668,14033,555,1,109.44,1,1,1,111,Hibernating,0,True
1669,14034,22,3,648.89,4,3,3,433,Potential Loyalists,1,False
1670,14035,29,9,2794.75,4,5,4,454,Champions,1,False
1671,14036,285,1,626.65,2,1,3,213,Others,0,True
1672,14037,176,6,836.95,3,4,3,343,Loyal Customers,1,False
1673,14038,78,5,3069.88,3,4,5,345,Loyal Customers,1,False
1674,14039,33,2,267.28000000000003,4,2,1,421,Potential Loyalists,1,False
1675,14040,41,35,12523.81,4,5,5,455,Champions,1,False
1676,14041,266,1,141.41,2,1,1,211,Hibernating,0,True
1677,14042,725,1,431.98,1,1,2,112,Hibernating,0,True
1678,14043,491,2,302.6,1,2,2,122,At Risk,0,True
1679,14044,27,10,3077.7,4,5,5,455,Champions,1,False
1680,14045,109,16,10986.63,3,5,5,355,Loyal Customers,1,False
1681,14046,284,1,154.99,2,1,1,211,Hibernating,0,True
1682,14047,9,14,3968.11,5,5,5,555,Champions,1,False
1683,14048,305,3,748.69,2,3,3,233,At Risk,0,True
1684,14049,17,13,13023.4,5,5,5,555,Champions,1,False
1685,14050,32,2,746.36,4,2,3,423,Potential Loyalists,1,False
1686,14051,1,37,21770.98,5,5,5,555,Champions,1,False
1687,14052,20,2,466.66,4,2,2,422,Potential Loyalists,1,False
1688,14053,124,4,572.3,3,3,2,332,Potential Loyalists,1,False
1689,14054,65,1,92.46,3,1,1,311,Promising,1,False
1690,14055,106,3,1520.96,3,3,4,334,Potential Loyalists,1,False
1691,14056,1,23,8152.71,5,5,5,555,Champions,1,False
1692,14057,24,22,8346.66,4,5,5,455,Champions,1,False
1693,14058,463,2,469.19,1,2,2,122,At Risk,0,True
1694,14059,267,1,183.6,2,1,1,211,Hibernating,0,True
1695,14060,5,30,8898.24,5,5,5,555,Champions,1,False
1696,14061,507,3,917.4300000000001,1,3,3,133,At Risk,0,True
1697,14062,10,24,25585.65,5,5,5,555,Champions,1,False
1698,14063,438,9,22710.2,1,5,5,155,At Risk,0,True
1699,14064,29,15,3260.24,4,5,5,455,Champions,1,False
1700,14065,389,3,891.02,2,3,3,233,At Risk,0,True
1701,14066,267,1,152.55,2,1,1,211,Hibernating,0,True
1702,14067,64,2,374.7,3,2,2,322,Potential Loyalists,1,False
1703,14068,320,4,1516.72,2,3,4,234,At Risk,0,True
1704,14069,515,2,225.81,1,2,1,121,Hibernating,0,True
1705,14070,685,1,321.6,1,1,2,112,Hibernating,0,True
1706,14071,4,8,1437.57,5,4,4,544,Champions,1,False
1707,14072,667,1,390.85,1,1,2,112,Hibernating,0,True
1708,14073,32,1,151.04,4,1,1,411,Recent Customers,1,False
1709,14074,623,1,219.39999999999998,1,1,1,111,Hibernating,0,True
1710,14075,5,6,1734.87,5,4,4,544,Champions,1,False
1711,14076,129,1,118.67,3,1,1,311,Promising,1,False
1712,14077,41,6,615.0799999999999,4,4,3,443,Loyal Customers,1,False
1713,14078,102,9,1553.47,3,5,4,354,Loyal Customers,1,False
1714,14079,125,2,618.73,3,2,3,323,Potential Loyalists,1,False
1715,14080,33,5,1115.68,4,4,3,443,Loyal Customers,1,False
1716,14081,302,10,4867.57,2,5,5,255,At Risk,0,True
1717,14082,365,2,413.36,2,2,2,222,At Risk,0,True
1718,14083,4,11,1082.19,5,5,3,553,Loyal Customers,1,False
1719,14084,512,1,150.5,1,1,1,111,Hibernating,0,True
1720,14085,2,33,9720.67,5,5,5,555,Champions,1,False
1721,14086,463,1,39.95,1,1,1,111,Hibernating,0,True
1722,14087,3,3,829.47,5,3,3,533,Potential Loyalists,1,False
1723,14088,10,16,64036.8,5,5,5,555,Champions,1,False
1724,14089,57,1,158.75,4,1,1,411,Recent Customers,1,False
1725,14090,325,1,76.32000000000001,2,1,1,211,Hibernating,0,True
1726,14091,654,2,9530.08,1,2,5,125,At Risk,0,True
1727,14092,8,24,7229.45,5,5,5,555,Champions,1,False
1728,14093,12,1,433.86,5,1,2,512,Recent Customers,1,False
1729,14094,440,1,311.77,1,1,2,112,Hibernating,0,True
1730,14095,723,1,2.95,1,1,1,111,Hibernating,0,True
1731,14096,4,17,65164.79,5,5,5,555,Champions,1,False
1732,14097,481,2,422.85999999999996,1,2,2,122,At Risk,0,True
1733,14098,37,1,147.35,4,1,1,411,Recent Customers,1,False
1734,14099,16,20,5750.91,5,5,5,555,Champions,1,False
1735,14100,138,1,191.95000000000002,3,1,1,311,Promising,1,False
1736,14101,74,13,9961.93,3,5,5,355,Loyal Customers,1,False
1737,14102,5,5,1105.8799999999999,5,4,3,543,Loyal Customers,1,False
1738,14104,155,5,743.53,3,4,3,343,Loyal Customers,1,False
1739,14105,239,5,5988.83,2,4,5,245,At Risk,1,True
1740,14106,737,1,214.79999999999998,1,1,1,111,Hibernating,0,True
1741,14107,52,11,4877.3,4,5,5,455,Champions,1,False
1742,14108,31,4,1044.96,4,3,3,433,Potential Loyalists,1,False
1743,14109,73,1,144.2,3,1,1,311,Promising,1,False
1744,14110,4,33,12987.95,5,5,5,555,Champions,1,False
1745,14111,14,4,692.85,5,3,3,533,Potential Loyalists,1,False
1746,14112,23,13,5834.59,4,5,5,455,Champions,1,False
1747,14113,4,16,7092.610000000001,5,5,5,555,Champions,1,False
1748,14114,274,7,1364.09,2,4,4,244,At Risk,0,True
1749,14115,502,2,622.6700000000001,1,2,3,123,At Risk,0,True
1750,14116,20,5,1382.74,4,4,4,444,Champions,1,False
1751,14117,144,1,90.0,3,1,1,311,Promising,1,False
1752,14118,429,1,458.45,1,1,2,112,Hibernating,0,True
1753,14119,376,2,183.37,2,2,1,221,Hibernating,0,True
1754,14121,4,4,2780.15,5,3,4,534,Potential Loyalists,1,False
1755,14122,406,3,362.42,2,3,2,232,At Risk,0,True
1756,14123,733,1,436.18,1,1,2,112,Hibernating,0,True
1757,14124,84,1,419.58000000000004,3,1,2,312,Promising,1,False
1758,14125,11,3,2720.63,5,3,4,534,Potential Loyalists,1,False
1759,14126,8,4,1172.46,5,3,3,533,Potential Loyalists,1,False
1760,14127,123,6,1900.0800000000002,3,4,4,344,Loyal Customers,1,False
1761,14128,61,3,924.21,3,3,3,333,Potential Loyalists,1,False
1762,14129,2,9,2591.34,5,5,4,554,Champions,1,False
1763,14130,319,4,1858.77,2,3,4,234,At Risk,0,True
1764,14131,649,1,168.22,1,1,1,111,Hibernating,0,True
1765,14132,2,11,3586.0299999999997,5,5,5,555,Champions,1,False
1766,14133,130,4,911.14,3,3,3,333,Potential Loyalists,1,False
1767,14134,383,15,11123.35,2,5,5,255,At Risk,0,True
1768,14135,2,24,8839.67,5,5,5,555,Champions,1,False
1769,14136,401,5,1570.81,2,4,4,244,At Risk,0,True
1770,14137,696,1,332.7,1,1,2,112,Hibernating,0,True
1771,14138,2,2,965.8800000000001,5,2,3,523,Potential Loyalists,1,False
1772,14139,46,4,1086.8,4,3,3,433,Potential Loyalists,1,False
1773,14140,4,2,935.05,5,2,3,523,Potential Loyalists,1,False
1774,14141,3,4,915.13,5,3,3,533,Potential Loyalists,1,False
1775,14142,373,2,671.34,2,2,3,223,At Risk,0,True
1776,14143,134,1,115.8,3,1,1,311,Promising,1,False
1777,14144,486,1,30.599999999999998,1,1,1,111,Hibernating,0,True
1778,14145,47,7,7600.05,4,4,5,445,Champions,1,False
1779,14146,9,12,9450.3,5,5,5,555,Champions,1,False
1780,14147,78,9,2590.2,3,5,4,354,Loyal Customers,1,False
1781,14148,234,2,466.29,2,2,2,222,At Risk,1,True
1782,14149,221,1,446.62,2,1,2,212,Hibernating,1,True
1783,14150,36,2,658.64,4,2,3,423,Potential Loyalists,1,False
1784,14151,673,2,679.45,1,2,3,123,At Risk,0,True
1785,14152,75,7,1997.3400000000001,3,4,4,344,Loyal Customers,1,False
1786,14153,483,1,233.4,1,1,1,111,Hibernating,0,True
1787,14154,239,8,6460.7,2,4,5,245,At Risk,1,True
1788,14155,266,1,118.75,2,1,1,211,Hibernating,0,True
1789,14156,10,156,313437.62,5,5,5,555,Champions,3,False
1790,14157,20,5,978.69,4,4,3,443,Loyal Customers,1,False
1791,14158,40,1,507.66,4,1,2,412,Recent Customers,1,False
1792,14159,20,20,7860.8,4,5,5,455,Champions,1,False
1793,14160,610,7,8421.47,1,4,5,145,At Risk,0,True
1794,14161,216,7,2996.93,2,4,5,245,At Risk,1,True
1795,14162,174,2,289.36,3,2,2,322,Potential Loyalists,1,False
1796,14163,87,5,2594.62,3,4,4,344,Loyal Customers,1,False
1797,14164,71,2,1631.77,3,2,4,324,Potential Loyalists,1,False
1798,14165,276,1,120.44,2,1,1,211,Hibernating,0,True
1799,14166,505,2,251.15,1,2,1,121,Hibernating,0,True
1800,14167,39,8,1274.29,4,4,4,444,Champions,1,False
1801,14168,421,2,370.45,1,2,2,122,At Risk,0,True
1802,14169,431,2,621.51,1,2,3,123,At Risk,0,True
1803,14170,375,3,570.18,2,3,2,232,At Risk,0,True
1804,14171,98,2,498.79,3,2,2,322,Potential Loyalists,1,False
1805,14172,605,3,369.02,1,3,2,132,At Risk,0,True
1806,14173,11,6,586.0,5,4,2,542,Loyal Customers,1,False
1807,14174,33,1,134.46,4,1,1,411,Recent Customers,1,False
1808,14175,60,8,7678.88,3,4,5,345,Loyal Customers,1,False
1809,14176,297,5,756.46,2,4,3,243,At Risk,0,True
1810,14177,86,13,2209.69,3,5,4,354,Loyal Customers,1,False
1811,14178,9,7,1600.26,5,4,4,544,Champions,1,False
1812,14179,41,2,701.57,4,2,3,423,Potential Loyalists,1,False
1813,14180,11,33,6117.5,5,5,5,555,Champions,1,False
1814,14181,411,2,308.35,1,2,2,122,At Risk,0,True
1815,14182,444,4,678.77,1,3,3,133,At Risk,0,True
1816,14183,411,2,278.34000000000003,1,2,1,121,Hibernating,0,True
1817,14184,67,1,452.89,3,1,2,312,Promising,1,False
1818,14185,331,1,197.65,2,1,1,211,Hibernating,0,True
1819,14186,427,5,1550.63,1,4,4,144,At Risk,0,True
1820,14187,474,1,123.5,1,1,1,111,Hibernating,0,True
1821,14188,31,6,2054.36,4,4,4,444,Champions,1,False
1822,14189,2,16,5503.15,5,5,5,555,Champions,1,False
1823,14190,666,1,79.9,1,1,1,111,Hibernating,0,True
1824,14191,2,15,4817.66,5,5,5,555,Champions,1,False
1825,14192,388,1,293.74,2,1,2,212,Hibernating,0,True
1826,14193,68,3,1210.19,3,3,3,333,Potential Loyalists,1,False
1827,14194,5,36,18670.59,5,5,5,555,Champions,1,False
1828,14195,202,6,2615.6,2,4,4,244,At Risk,1,True
1829,14196,107,1,335.52,3,1,2,312,Promising,1,False
1830,14197,411,1,390.05,1,1,2,112,Hibernating,0,True
1831,14198,18,9,1569.73,5,5,4,554,Champions,1,False
1832,14199,218,4,1091.7,2,3,3,233,At Risk,1,True
1833,14200,617,1,379.2,1,1,2,112,Hibernating,0,True
1834,14201,60,10,1193.54,3,5,3,353,Loyal Customers,1,False
1835,14202,381,3,847.76,2,3,3,233,At Risk,0,True
1836,14203,397,1,339.34,2,1,2,212,Hibernating,0,True
1837,14204,2,4,1024.83,5,3,3,533,Potential Loyalists,1,False
1838,14205,17,9,2414.2,5,5,4,554,Champions,1,False
1839,14206,239,3,1185.01,2,3,3,233,At Risk,1,True
1840,14207,688,1,157.8,1,1,1,111,Hibernating,0,True
1841,14208,95,2,567.05,3,2,2,322,Potential Loyalists,1,False
1842,14209,11,15,4993.27,5,5,5,555,Champions,1,False
1843,14210,106,16,5556.570000000001,3,5,5,355,Loyal Customers,1,False
1844,14211,53,18,4402.29,4,5,5,455,Champions,1,False
1845,14212,90,2,2190.14,3,2,4,324,Potential Loyalists,1,False
1846,14213,405,1,1192.2,2,1,3,213,Others,0,True
1847,14214,31,5,1004.38,4,4,3,443,Loyal Customers,1,False
1848,14215,12,9,3250.33,5,5,5,555,Champions,1,False
1849,14216,3,5,2150.04,5,4,4,544,Champions,1,False
1850,14217,2,23,3298.59,5,5,5,555,Champions,1,False
1851,14218,43,1,169.48000000000002,4,1,1,411,Recent Customers,1,False
1852,14219,4,3,633.83,5,3,3,533,Potential Loyalists,1,False
1853,14220,247,4,1515.0,2,3,4,234,At Risk,1,True
1854,14221,42,17,6517.49,4,5,5,455,Champions,1,False
1855,14222,177,1,683.17,3,1,3,313,Promising,1,False
1856,14223,92,3,991.13,3,3,3,333,Potential Loyalists,1,False
1857,14224,110,9,1841.71,3,5,4,354,Loyal Customers,1,False
1858,14225,435,4,2031.07,1,3,4,134,At Risk,0,True
1859,14226,29,6,2985.13,4,4,5,445,Champions,1,False
1860,14227,26,15,6368.71,4,5,5,455,Champions,1,False
1861,14228,438,3,745.5,1,3,3,133,At Risk,0,True
1862,14229,52,7,2594.04,4,4,4,444,Champions,1,False
1863,14230,436,3,979.8000000000001,1,3,3,133,At Risk,0,True
1864,14231,184,4,1235.6200000000001,3,3,4,334,Potential Loyalists,1,True
1865,14232,43,5,2048.07,4,4,4,444,Champions,1,False
1866,14233,49,7,2904.27,4,4,4,444,Champions,1,False
1867,14234,22,4,754.12,4,3,3,433,Potential Loyalists,1,False
1868,14235,75,9,4717.99,3,5,5,355,Loyal Customers,1,False
1869,14236,81,5,1555.34,3,4,4,344,Loyal Customers,1,False
1870,14237,373,2,471.14,2,2,2,222,At Risk,0,True
1871,14238,326,3,434.23,2,3,2,232,At Risk,0,True
1872,14239,43,21,4263.17,4,5,5,455,Champions,1,False
1873,14240,30,3,1247.49,4,3,4,434,Potential Loyalists,1,False
1874,14241,184,2,333.70000000000005,3,2,2,322,Potential Loyalists,1,True
1875,14242,235,2,280.55,2,2,1,221,Hibernating,1,True
1876,14243,9,17,7217.75,5,5,5,555,Champions,1,False
1877,14244,661,1,366.41999999999996,1,1,2,112,Hibernating,0,True
1878,14245,220,2,1693.45,2,2,4,224,At Risk,1,True
1879,14246,111,3,1474.06,3,3,4,334,Potential Loyalists,1,False
1880,14247,278,5,753.56,2,4,3,243,At Risk,0,True
1881,14248,318,3,1032.95,2,3,3,233,At Risk,0,True
1882,14249,411,12,5400.461,1,5,5,155,At Risk,0,True
1883,14250,7,3,1904.05,5,3,4,534,Potential Loyalists,1,False
1884,14251,2,5,2879.7000000000003,5,4,4,544,Champions,1,False
1885,14252,381,1,350.99,2,1,2,212,Hibernating,0,True
1886,14253,493,2,363.40000000000003,1,2,2,122,At Risk,0,True
1887,14254,433,1,601.03,1,1,2,112,Hibernating,0,True
1888,14255,546,1,1000.63,1,1,3,113,Others,0,True
1889,14256,260,5,2460.79,2,4,4,244,At Risk,1,True
1890,14257,64,9,5954.45,3,5,5,355,Loyal Customers,1,False
1891,14258,9,25,32051.34,5,5,5,555,Champions,1,False
1892,14259,142,1,120.0,3,1,1,311,Promising,1,False
1893,14260,471,3,824.28,1,3,3,133,At Risk,0,True
1894,14261,51,2,1163.45,4,2,3,423,Potential Loyalists,1,False
1895,14262,8,8,2618.23,5,4,4,544,Champions,1,False
1896,14263,423,1,322.93,1,1,2,112,Hibernating,0,True
1897,14264,155,6,1517.3600000000001,3,4,4,344,Loyal Customers,1,False
1898,14265,109,4,1373.35,3,3,4,334,Potential Loyalists,1,False
1899,14266,428,1,40.56,1,1,1,111,Hibernating,0,True
1900,14267,163,3,1516.24,3,3,4,334,Potential Loyalists,1,False
1901,14268,471,1,354.85,1,1,2,112,Hibernating,0,True
1902,14269,439,1,295.73,1,1,2,112,Hibernating,0,True
1903,14270,332,1,492.65000000000003,2,1,2,212,Hibernating,0,True
1904,14271,226,2,214.18,2,2,1,221,Hibernating,1,True
1905,14272,74,4,920.81,3,3,3,333,Potential Loyalists,1,False
1906,14273,51,4,559.97,4,3,2,432,Potential Loyalists,1,False
1907,14274,686,1,256.6,1,1,1,111,Hibernating,0,True
1908,14275,396,6,1189.3799999999999,2,4,3,243,At Risk,0,True
1909,14276,99,7,2102.68,3,4,4,344,Loyal Customers,1,False
1910,14277,15,9,17197.61,5,5,5,555,Champions,1,False
1911,14278,410,1,205.83,2,1,1,211,Hibernating,0,True
1912,14279,521,2,191.86,1,2,1,121,Hibernating,0,True
1913,14280,197,1,134.04,2,1,1,211,Hibernating,1,True
1914,14281,408,1,245.15,2,1,1,211,Hibernating,0,True
1915,14282,3,25,7250.76,5,5,5,555,Champions,1,False
1916,14283,463,4,628.4399999999999,1,3,3,133,At Risk,0,True
1917,14284,31,3,1299.65,4,3,4,434,Potential Loyalists,1,False
1918,14285,21,8,3284.42,4,4,5,445,Champions,1,False
1919,14286,24,7,8479.76,4,4,5,445,Champions,1,False
1920,14287,8,3,176.63,5,3,1,531,Potential Loyalists,1,False
1921,14288,213,1,426.6,2,1,2,212,Hibernating,1,True
1922,14289,9,6,911.26,5,4,3,543,Loyal Customers,1,False
1923,14290,11,8,4516.56,5,4,5,545,Champions,1,False
1924,14291,2,23,7904.1,5,5,5,555,Champions,1,False
1925,14292,8,16,9226.25,5,5,5,555,Champions,1,False
1926,14293,3,9,2903.01,5,5,4,554,Champions,1,False
1927,14294,407,1,375.34,2,1,2,212,Hibernating,0,True
1928,14295,40,5,2362.91,4,4,4,444,Champions,1,False
1929,14296,421,2,456.40000000000003,1,2,2,122,At Risk,0,True
1930,14297,18,4,1305.33,5,3,4,534,Potential Loyalists,1,False
1931,14298,8,82,91194.49,5,5,5,555,Champions,2,False
1932,14299,8,27,14070.25,5,5,5,555,Champions,1,False
1933,14300,19,1,43.2,5,1,1,511,Recent Customers,1,False
1934,14301,117,4,1992.18,3,3,4,334,Potential Loyalists,1,False
1935,14302,431,3,742.9000000000001,1,3,3,133,At Risk,0,True
1936,14303,407,2,277.94,2,2,1,221,Hibernating,0,True
1937,14304,223,3,1725.01,2,3,4,234,At Risk,1,True
1938,14305,71,3,1858.96,3,3,4,334,Potential Loyalists,1,False
1939,14306,51,6,3151.4,4,4,5,445,Champions,1,False
1940,14307,89,10,4287.92,3,5,5,355,Loyal Customers,1,False
1941,14308,549,2,1147.02,1,2,3,123,At Risk,0,True
1942,14309,8,11,3780.81,5,5,5,555,Champions,1,False
1943,14310,433,1,492.1,1,1,2,112,Hibernating,0,True
1944,14311,243,2,516.45,2,2,2,222,At Risk,1,True
1945,14312,47,11,3090.29,4,5,5,455,Champions,1,False
1946,14314,107,2,229.8,3,2,1,321,Potential Loyalists,1,False
1947,14315,45,8,3197.82,4,4,5,445,Champions,1,False
1948,14316,422,5,1370.34,1,4,4,144,At Risk,0,True
1949,14317,65,1,508.58000000000004,3,1,2,312,Promising,1,False
1950,14318,460,1,158.02,1,1,1,111,Hibernating,0,True
1951,14319,424,1,494.85,1,1,2,112,Hibernating,0,True
1952,14320,207,5,1346.75,2,4,4,244,At Risk,1,True
1953,14321,11,7,2218.06,5,4,4,544,Champions,1,False
1954,14322,429,4,474.1,1,3,2,132,At Risk,0,True
1955,14323,115,2,605.0600000000001,3,2,2,322,Potential Loyalists,1,False
1956,14324,410,2,701.61,2,2,3,223,At Risk,0,True
1957,14325,570,1,245.48000000000002,1,1,1,111,Hibernating,0,True
1958,14326,242,3,940.98,2,3,3,233,At Risk,1,True
1959,14327,163,6,1894.93,3,4,4,344,Loyal Customers,1,False
1960,14328,438,1,445.05,1,1,2,112,Hibernating,0,True
1961,14329,17,15,9887.62,5,5,5,555,Champions,1,False
1962,14330,624,1,200.63,1,1,1,111,Hibernating,0,True
1963,14331,124,2,462.65999999999997,3,2,2,322,Potential Loyalists,1,False
1964,14332,23,5,1917.41,4,4,4,444,Champions,1,False
1965,14333,68,1,415.2,3,1,2,312,Promising,1,False
1966,14334,17,12,4318.48,5,5,5,555,Champions,1,False
1967,14335,16,2,454.86,5,2,2,522,Potential Loyalists,1,False
1968,14336,17,4,1614.91,5,3,4,534,Potential Loyalists,1,False
1969,14338,161,3,928.1,3,3,3,333,Potential Loyalists,1,False
1970,14339,243,2,620.27,2,2,3,223,At Risk,1,True
1971,14340,219,1,134.7,2,1,1,211,Hibernating,1,True
1972,14341,45,18,4452.02,4,5,5,455,Champions,1,False
1973,14342,21,6,918.44,4,4,3,443,Loyal Customers,1,False
1974,14343,421,4,1079.66,1,3,3,133,At Risk,0,True
1975,14344,127,20,2993.05,3,5,5,355,Loyal Customers,1,False
1976,14345,39,1,108.97999999999999,4,1,1,411,Recent Customers,1,False
1977,14346,121,5,2315.75,3,4,4,344,Loyal Customers,1,False
1978,14347,737,1,82.6,1,1,1,111,Hibernating,0,True
1979,14348,260,1,409.57,2,1,2,212,Hibernating,0,True
1980,14349,10,1,133.5,5,1,1,511,Recent Customers,1,False
1981,14350,274,3,972.03,2,3,3,233,At Risk,0,True
1982,14351,165,1,51.0,3,1,1,311,Promising,1,False
1983,14352,157,4,1078.96,3,3,3,333,Potential Loyalists,1,False
1984,14353,215,3,376.5,2,3,2,232,At Risk,1,True
1985,14354,6,2,163.62,5,2,1,521,Potential Loyalists,1,False
1986,14355,366,3,840.0500000000001,2,3,3,233,At Risk,0,True
1987,14356,80,2,701.23,3,2,3,323,Potential Loyalists,1,False
1988,14357,43,1,225.12,4,1,1,411,Recent Customers,1,False
1989,14358,389,2,400.06,2,2,2,222,At Risk,0,True
1990,14359,19,3,912.18,5,3,3,533,Potential Loyalists,1,False
1991,14360,32,4,2118.03,4,3,4,434,Potential Loyalists,1,False
1992,14361,579,1,214.70999999999998,1,1,1,111,Hibernating,0,True
1993,14362,22,1,151.5,4,1,1,411,Recent Customers,1,False
1994,14363,402,2,227.47000000000003,2,2,1,221,Hibernating,0,True
1995,14364,109,8,3717.35,3,4,5,345,Loyal Customers,1,False
1996,14365,395,2,634.68,2,2,3,223,At Risk,0,True
1997,14366,525,1,136.0,1,1,1,111,Hibernating,0,True
1998,14367,8,16,9227.82,5,5,5,555,Champions,1,False
1999,14368,320,1,155.0,2,1,1,211,Hibernating,0,True
2000,14369,642,2,469.13,1,2,2,122,At Risk,0,True
2001,14370,451,6,1175.78,1,4,3,143,At Risk,0,True
2002,14371,295,1,100.5,2,1,1,211,Hibernating,0,True
2003,14372,443,2,860.08,1,2,3,123,At Risk,0,True
2004,14373,358,1,76.55,2,1,1,211,Hibernating,0,True
2005,14374,541,1,108.0,1,1,1,111,Hibernating,0,True
2006,14375,185,3,1106.82,3,3,3,333,Potential Loyalists,1,True
2007,14376,683,1,215.46,1,1,1,111,Hibernating,0,True
2008,14377,191,2,617.05,2,2,3,223,At Risk,1,True
2009,14378,622,1,131.25,1,1,1,111,Hibernating,0,True
2010,14379,44,4,1265.16,4,3,4,434,Potential Loyalists,1,False
2011,14380,682,1,48.96,1,1,1,111,Hibernating,0,True
2012,14381,52,2,625.9399999999999,4,2,3,423,Potential Loyalists,1,False
2013,14382,26,2,1193.6299999999999,4,2,3,423,Potential Loyalists,1,False
2014,14383,38,3,1247.69,4,3,4,434,Potential Loyalists,1,False
2015,14384,501,1,58.5,1,1,1,111,Hibernating,0,True
2016,14385,9,3,202.11,5,3,1,531,Potential Loyalists,1,False
2017,14386,297,1,142.4,2,1,1,211,Hibernating,0,True
2018,14387,33,3,1727.6,4,3,4,434,Potential Loyalists,1,False
2019,14388,10,16,6388.2,5,5,5,555,Champions,1,False
2020,14389,65,5,1898.01,3,4,4,344,Loyal Customers,1,False
2021,14390,10,13,6150.03,5,5,5,555,Champions,1,False
2022,14391,577,1,135.6,1,1,1,111,Hibernating,0,True
2023,14392,432,1,266.4,1,1,1,111,Hibernating,0,True
2024,14393,218,1,67.95,2,1,1,211,Hibernating,1,True
2025,14394,565,1,93.8,1,1,1,111,Hibernating,0,True
2026,14395,2,20,7801.93,5,5,5,555,Champions,1,False
2027,14396,65,7,1969.38,3,4,4,344,Loyal Customers,1,False
2028,14397,3,19,2612.96,5,5,4,554,Champions,1,False
2029,14398,401,2,707.79,2,2,3,223,At Risk,0,True
2030,14399,394,8,2108.21,2,4,4,244,At Risk,0,True
2031,14400,149,3,1732.47,3,3,4,334,Potential Loyalists,1,False
2032,14401,4,22,6795.9,5,5,5,555,Champions,1,False
2033,14402,652,1,285.6,1,1,2,112,Hibernating,0,True
2034,14403,130,6,1880.51,3,4,4,344,Loyal Customers,1,False
2035,14404,34,13,2724.13,4,5,4,454,Champions,1,False
2036,14405,387,1,195.0,2,1,1,211,Hibernating,0,True
2037,14406,119,1,156.75,3,1,1,311,Promising,1,False
2038,14407,107,6,2157.73,3,4,4,344,Loyal Customers,1,False
2039,14408,11,11,4102.27,5,5,5,555,Champions,1,False
2040,14409,71,9,3427.29,3,5,5,355,Loyal Customers,1,False
2041,14410,92,11,2631.9,3,5,4,354,Loyal Customers,1,False
2042,14411,311,1,1063.0,2,1,3,213,Others,0,True
2043,14412,43,3,1426.19,4,3,4,434,Potential Loyalists,1,False
2044,14413,362,4,764.52,2,3,3,233,At Risk,0,True
2045,14414,92,8,2399.33,3,4,4,344,Loyal Customers,1,False
2046,14415,1,23,11980.09,5,5,5,555,Champions,1,False
2047,14416,22,2,490.22,4,2,2,422,Potential Loyalists,1,False
2048,14417,388,1,524.65,2,1,2,212,Hibernating,0,True
2049,14418,4,3,1937.25,5,3,4,534,Potential Loyalists,1,False
2050,14419,11,7,1254.64,5,4,4,544,Champions,1,False
2051,14420,99,4,1639.17,3,3,4,334,Potential Loyalists,1,False
2052,14421,57,6,2469.37,4,4,4,444,Champions,1,False
2053,14422,1,19,10271.52,5,5,5,555,Champions,1,False
2054,14423,218,3,916.6099999999999,2,3,3,233,At Risk,1,True
2055,14424,18,1,322.08,5,1,2,512,Recent Customers,1,False
2056,14425,435,3,661.39,1,3,3,133,At Risk,0,True
2057,14426,24,17,11727.94,4,5,5,455,Champions,1,False
2058,14427,50,4,1263.52,4,3,4,434,Potential Loyalists,1,False
2059,14428,7,5,1224.06,5,4,4,544,Champions,1,False
2060,14429,404,1,516.28,2,1,2,212,Hibernating,0,True
2061,14430,512,3,1220.9,1,3,3,133,At Risk,0,True
2062,14431,303,4,2614.2,2,3,4,234,At Risk,0,True
2063,14432,10,6,2248.5,5,4,4,544,Champions,1,False
2064,14433,466,1,280.7,1,1,1,111,Hibernating,0,True
2065,14434,22,6,1372.8,4,4,4,444,Champions,1,False
2066,14435,502,1,90.42,1,1,1,111,Hibernating,0,True
2067,14436,99,2,271.70000000000005,3,2,1,321,Potential Loyalists,1,False
2068,14437,366,5,873.34,2,4,3,243,At Risk,0,True
2069,14438,306,1,131.9,2,1,1,211,Hibernating,0,True
2070,14439,320,5,9443.04,2,4,5,245,At Risk,0,True
2071,14440,8,13,5982.03,5,5,5,555,Champions,1,False
2072,14441,1,11,4611.6900000000005,5,5,5,555,Champions,1,False
2073,14442,205,7,5367.0199999999995,2,4,5,245,At Risk,1,True
2074,14443,54,5,2082.97,4,4,4,444,Champions,1,False
2075,14444,456,1,120.44,1,1,1,111,Hibernating,0,True
2076,14445,456,1,221.65,1,1,1,111,Hibernating,0,True
2077,14446,1,5,1200.28,5,4,3,543,Loyal Customers,1,False
2078,14447,19,6,1711.73,5,4,4,544,Champions,1,False
2079,14448,9,2,375.35,5,2,2,522,Potential Loyalists,1,False
2080,14449,19,8,2230.96,5,4,4,544,Champions,1,False
2081,14450,181,7,1128.44,3,4,3,343,Loyal Customers,1,True
2082,14451,60,12,3258.68,3,5,5,355,Loyal Customers,1,False
2083,14452,11,4,658.95,5,3,3,533,Potential Loyalists,1,False
2084,14453,190,1,119.93,2,1,1,211,Hibernating,1,True
2085,14454,376,5,977.3,2,4,3,243,At Risk,0,True
2086,14455,432,4,617.72,1,3,3,133,At Risk,0,True
2087,14456,5,9,3017.28,5,5,5,555,Champions,1,False
2088,14457,311,1,113.64,2,1,1,211,Hibernating,0,True
2089,14458,381,1,228.07,2,1,1,211,Hibernating,0,True
2090,14459,155,2,5375.741,3,2,5,325,Potential Loyalists,1,False
2091,14460,110,9,1093.5,3,5,3,353,Loyal Customers,1,False
2092,14461,148,13,6676.91,3,5,5,355,Loyal Customers,1,False
2093,14462,66,12,2242.81,3,5,4,354,Loyal Customers,1,False
2094,14463,98,4,786.5699999999999,3,3,3,333,Potential Loyalists,1,False
2095,14464,568,2,111.0,1,2,1,121,Hibernating,0,True
2096,14465,247,11,3925.85,2,5,5,255,At Risk,1,True
2097,14466,29,13,4267.15,4,5,5,455,Champions,1,False
2098,14467,18,12,2203.2400000000002,5,5,4,554,Champions,1,False
2099,14468,734,1,204.24,1,1,1,111,Hibernating,0,True
2100,14469,416,4,2093.46,1,3,4,134,At Risk,0,True
2101,14470,12,3,712.04,5,3,3,533,Potential Loyalists,1,False
2102,14471,591,2,400.95,1,2,2,122,At Risk,0,True
2103,14472,104,9,2118.72,3,5,4,354,Loyal Customers,1,False
2104,14473,74,2,234.34000000000003,3,2,1,321,Potential Loyalists,1,False
2105,14474,46,2,1258.8899999999999,4,2,4,424,Potential Loyalists,1,False
2106,14475,72,4,1151.15,3,3,3,333,Potential Loyalists,1,False
2107,14476,257,1,193.0,2,1,1,211,Hibernating,0,True
2108,14477,20,7,1969.6,4,4,4,444,Champions,1,False
2109,14478,382,4,1276.66,2,3,4,234,At Risk,0,True
2110,14479,254,4,1124.71,2,3,3,233,At Risk,1,True
2111,14480,11,4,1299.52,5,3,4,534,Potential Loyalists,1,False
2112,14481,165,5,2284.69,3,4,4,344,Loyal Customers,1,False
2113,14482,18,12,4306.72,5,5,5,555,Champions,1,False
2114,14483,282,2,257.1,2,2,1,221,Hibernating,0,True
2115,14484,50,4,1070.98,4,3,3,433,Potential Loyalists,1,False
2116,14485,39,1,162.8,4,1,1,411,Recent Customers,1,False
2117,14486,512,2,175.5,1,2,1,121,Hibernating,0,True
2118,14487,27,7,1266.27,4,4,4,444,Champions,1,False
2119,14488,68,1,1064.28,3,1,3,313,Promising,1,False
2120,14489,207,4,1574.93,2,3,4,234,At Risk,1,True
2121,14490,406,2,1273.47,2,2,4,224,At Risk,0,True
2122,14491,175,2,340.93,3,2,2,322,Potential Loyalists,1,False
2123,14492,430,7,1921.91,1,4,4,144,At Risk,0,True
2124,14493,7,10,5087.86,5,5,5,555,Champions,1,False
2125,14494,26,3,401.46,4,3,2,432,Potential Loyalists,1,False
2126,14495,51,3,174.8,4,3,1,431,Potential Loyalists,1,False
2127,14496,312,7,2363.89,2,4,4,244,At Risk,0,True
2128,14497,309,2,697.0600000000001,2,2,3,223,At Risk,0,True
2129,14498,43,10,3900.83,4,5,5,455,Champions,1,False
2130,14499,26,7,2101.79,4,4,4,444,Champions,1,False
2131,14500,88,3,356.85,3,3,2,332,Potential Loyalists,1,False
2132,14501,184,2,251.21,3,2,1,321,Potential Loyalists,1,True
2133,14502,20,11,2429.83,4,5,4,454,Champions,1,False
2134,14503,3,6,3543.26,5,4,5,545,Champions,1,False
2135,14504,47,4,673.26,4,3,3,433,Potential Loyalists,1,False
2136,14505,17,19,11879.08,5,5,5,555,Champions,1,False
2137,14506,17,7,2960.25,5,4,5,545,Champions,1,False
2138,14507,24,11,3216.7400000000002,4,5,5,455,Champions,1,False
2139,14508,22,5,822.92,4,4,3,443,Loyal Customers,1,False
2140,14509,534,1,110.95,1,1,1,111,Hibernating,0,True
2141,14510,376,3,979.85,2,3,3,233,At Risk,0,True
2142,14511,11,5,1314.81,5,4,4,544,Champions,1,False
2143,14512,188,7,1215.97,3,4,3,343,Loyal Customers,1,True
2144,14513,101,6,788.01,3,4,3,343,Loyal Customers,1,False
2145,14514,61,9,4380.04,3,5,5,355,Loyal Customers,1,False
2146,14515,18,12,3724.06,5,5,5,555,Champions,1,False
2147,14516,516,1,151.17,1,1,1,111,Hibernating,0,True
2148,14517,33,2,330.45,4,2,2,422,Potential Loyalists,1,False
2149,14518,64,1,174.37,3,1,1,311,Promising,1,False
2150,14519,684,2,203.14,1,2,1,121,Hibernating,0,True
2151,14520,2,2,270.6,5,2,1,521,Potential Loyalists,1,False
2152,14521,491,1,199.45000000000002,1,1,1,111,Hibernating,0,True
2153,14522,24,8,1748.42,4,4,4,444,Champions,1,False
2154,14523,108,1,241.09,3,1,1,311,Promising,1,False
2155,14524,32,13,2909.86,4,5,4,454,Champions,1,False
2156,14525,20,17,8026.54,4,5,5,455,Champions,1,False
2157,14526,389,1,258.65,2,1,1,211,Hibernating,0,True
2158,14527,3,122,27246.88,5,5,5,555,Champions,2,False
2159,14528,37,1,364.21999999999997,4,1,2,412,Recent Customers,1,False
2160,14529,60,3,578.61,3,3,2,332,Potential Loyalists,1,False
2161,14530,26,16,6088.87,4,5,5,455,Champions,1,False
2162,14531,480,1,376.34,1,1,2,112,Hibernating,0,True
2163,14532,236,11,3845.78,2,5,5,255,At Risk,1,True
2164,14533,25,11,3466.37,4,5,5,455,Champions,1,False
2165,14534,3,26,6187.66,5,5,5,555,Champions,1,False
2166,14535,60,9,5973.2300000000005,3,5,5,355,Loyal Customers,1,False
2167,14536,260,1,170.95,2,1,1,211,Hibernating,0,True
2168,14537,58,2,641.4,4,2,3,423,Potential Loyalists,1,False
2169,14538,65,5,1370.8400000000001,3,4,4,344,Loyal Customers,1,False
2170,14539,16,2,537.48,5,2,2,522,Potential Loyalists,1,False
2171,14540,10,11,3709.64,5,5,5,555,Champions,1,False
2172,14541,59,14,2491.38,4,5,4,454,Champions,1,False
2173,14542,186,1,103.25,3,1,1,311,Promising,1,True
2174,14543,29,39,14587.87,4,5,5,455,Champions,1,False
2175,14544,24,3,2938.53,4,3,5,435,Potential Loyalists,1,False
2176,14545,674,1,349.25,1,1,2,112,Hibernating,0,True
2177,14546,5,11,5184.84,5,5,5,555,Champions,1,False
2178,14547,4,8,3974.75,5,4,5,545,Champions,1,False
2179,14548,151,9,2541.29,3,5,4,354,Loyal Customers,1,False
2180,14549,311,4,913.6,2,3,3,233,At Risk,0,True
2181,14550,11,4,1345.06,5,3,4,534,Potential Loyalists,1,False
2182,14551,18,7,878.09,5,4,3,543,Loyal Customers,1,False
2183,14552,152,3,507.93,3,3,2,332,Potential Loyalists,1,False
2184,14553,19,9,1818.6,5,5,4,554,Champions,1,False
2185,14554,10,4,2279.4900000000002,5,3,4,534,Potential Loyalists,1,False
2186,14555,57,6,2304.03,4,4,4,444,Champions,1,False
2187,14556,596,3,815.69,1,3,3,133,At Risk,0,True
2188,14557,85,1,788.38,3,1,3,313,Promising,1,False
2189,14558,654,3,655.5,1,3,3,133,At Risk,0,True
2190,14559,390,1,75.6,2,1,1,211,Hibernating,0,True
2191,14560,7,44,6114.03,5,5,5,555,Champions,1,False
2192,14561,76,3,1080.76,3,3,3,333,Potential Loyalists,1,False
2193,14562,4,26,6638.150000000001,5,5,5,555,Champions,1,False
2194,14563,510,2,640.54,1,2,3,123,At Risk,0,True
2195,14564,435,2,2605.62,1,2,4,124,At Risk,0,True
2196,14565,96,5,3859.2200000000003,3,4,5,345,Loyal Customers,1,False
2197,14566,111,4,4092.0,3,3,5,335,Potential Loyalists,1,False
2198,14567,57,2,1530.3600000000001,4,2,4,424,Potential Loyalists,1,False
2199,14568,435,1,919.7,1,1,3,113,Others,0,True
2200,14569,1,4,597.3299999999999,5,3,2,532,Potential Loyalists,1,False
2201,14570,281,3,613.75,2,3,3,233,At Risk,0,True
2202,14571,425,1,160.0,1,1,1,111,Hibernating,0,True
2203,14572,3,11,5526.88,5,5,5,555,Champions,1,False
2204,14573,180,13,2163.12,3,5,4,354,Loyal Customers,1,False
2205,14574,733,1,143.70000000000002,1,1,1,111,Hibernating,0,True
2206,14575,488,1,420.22,1,1,2,112,Hibernating,0,True
2207,14576,372,1,35.400000000000006,2,1,1,211,Hibernating,0,True
2208,14577,13,7,1364.15,5,4,4,544,Champions,1,False
2209,14578,3,1,168.63,5,1,1,511,Recent Customers,1,False
2210,14579,432,1,105.56,1,1,1,111,Hibernating,0,True
2211,14580,518,1,14.850000000000001,1,1,1,111,Hibernating,0,True
2212,14581,17,2,409.65,5,2,2,522,Potential Loyalists,1,False
2213,14582,41,1,114.11,4,1,1,411,Recent Customers,1,False
2214,14583,6,8,1660.29,5,4,4,544,Champions,1,False
2215,14584,169,8,1738.16,3,4,4,344,Loyal Customers,1,False
2216,14585,50,5,1143.27,4,4,3,443,Loyal Customers,1,False
2217,14586,277,1,237.36,2,1,1,211,Hibernating,0,True
2218,14587,19,9,1580.29,5,5,4,554,Champions,1,False
2219,14588,578,1,135.39,1,1,1,111,Hibernating,0,True
2220,14589,372,1,39.75,2,1,1,211,Hibernating,0,True
2221,14590,425,20,2993.37,1,5,5,155,At Risk,0,True
2222,14591,15,4,1320.21,5,3,4,534,Potential Loyalists,1,False
2223,14592,35,3,557.94,4,3,2,432,Potential Loyalists,1,False
2224,14593,22,12,3665.5299999999997,4,5,5,455,Champions,1,False
2225,14594,7,2,363.33,5,2,2,522,Potential Loyalists,1,False
2226,14595,20,8,2164.45,4,4,4,444,Champions,1,False
2227,14596,627,1,222.22000000000003,1,1,1,111,Hibernating,0,True
2228,14597,11,6,2184.63,5,4,4,544,Champions,1,False
2229,14598,44,2,384.04,4,2,2,422,Potential Loyalists,1,False
2230,14599,390,2,457.89,2,2,2,222,At Risk,0,True
2231,14600,306,2,865.1700000000001,2,2,3,223,At Risk,0,True
2232,14601,11,1,213.96,5,1,1,511,Recent Customers,1,False
2233,14602,656,1,205.35999999999999,1,1,1,111,Hibernating,0,True
2234,14603,275,1,660.0,2,1,3,213,Others,0,True
2235,14604,633,1,143.85999999999999,1,1,1,111,Hibernating,0,True
2236,14605,374,4,921.5600000000001,2,3,3,233,At Risk,0,True
2237,14606,1,192,29951.37,5,5,5,555,Champions,2,False
2238,14607,16,22,23763.13,5,5,5,555,Champions,1,False
2239,14608,4,11,3352.94,5,5,5,555,Champions,1,False
2240,14609,72,10,1486.2,3,5,4,354,Loyal Customers,1,False
2241,14610,396,2,24.35,2,2,1,221,Hibernating,0,True
2242,14611,444,2,604.3299999999999,1,2,2,122,At Risk,0,True
2243,14612,415,1,877.7,1,1,3,113,Others,0,True
2244,14613,680,1,76.32000000000001,1,1,1,111,Hibernating,0,True
2245,14614,386,1,295.13,2,1,2,212,Hibernating,0,True
2246,14615,394,5,951.76,2,4,3,243,At Risk,0,True
2247,14616,243,5,527.78,2,4,2,242,At Risk,1,True
2248,14617,403,2,190.47000000000003,2,2,1,221,Hibernating,0,True
2249,14618,9,7,1342.32,5,4,4,544,Champions,1,False
2250,14619,246,2,1291.24,2,2,4,224,At Risk,1,True
2251,14620,206,2,412.78000000000003,2,2,2,222,At Risk,1,True
2252,14621,1,9,3000.57,5,5,5,555,Champions,1,False
2253,14622,185,1,320.58000000000004,3,1,2,312,Promising,1,True
2254,14623,32,10,2016.98,4,5,4,454,Champions,1,False
2255,14624,57,6,814.07,4,4,3,443,Loyal Customers,1,False
2256,14625,196,11,4497.88,2,5,5,255,At Risk,1,True
2257,14626,24,11,5410.92,4,5,5,455,Champions,1,False
2258,14627,379,1,462.75,2,1,2,212,Hibernating,0,True
2259,14628,91,5,1998.0,3,4,4,344,Loyal Customers,1,False
2260,14629,4,2,955.26,5,2,3,523,Potential Loyalists,1,False
2261,14630,484,1,338.65,1,1,2,112,Hibernating,0,True
2262,14631,51,6,2025.69,4,4,4,444,Champions,1,False
2263,14632,263,1,114.56,2,1,1,211,Hibernating,0,True
2264,14633,266,1,344.90000000000003,2,1,2,212,Hibernating,0,True
2265,14634,438,4,2124.46,1,3,4,134,At Risk,0,True
2266,14635,454,1,215.22,1,1,1,111,Hibernating,0,True
2267,14636,36,2,609.85,4,2,3,423,Potential Loyalists,1,False
2268,14637,677,1,106.67999999999999,1,1,1,111,Hibernating,0,True
2269,14638,51,1,443.6,4,1,2,412,Recent Customers,1,False
2270,14639,52,9,4978.96,4,5,5,455,Champions,1,False
2271,14640,24,10,3649.36,4,5,5,455,Champions,1,False
2272,14641,22,1,110.46,4,1,1,411,Recent Customers,1,False
2273,14642,59,1,96.12,4,1,1,411,Recent Customers,1,False
2274,14643,170,5,1679.89,3,4,4,344,Loyal Customers,1,False
2275,14644,68,7,2247.72,3,4,4,344,Loyal Customers,1,False
2276,14645,157,3,876.89,3,3,3,333,Potential Loyalists,1,False
2277,14646,2,151,528602.52,5,5,5,555,Champions,3,False
2278,14647,201,2,506.04,2,2,2,222,At Risk,1,True
2279,14648,416,15,4466.65,1,5,5,155,At Risk,0,True
2280,14649,5,9,3651.19,5,5,5,555,Champions,1,False
2281,14650,589,1,62.5,1,1,1,111,Hibernating,0,True
2282,14651,67,9,2025.52,3,5,4,354,Loyal Customers,1,False
2283,14652,77,1,114.18,3,1,1,311,Promising,1,False
2284,14653,1,12,3593.06,5,5,5,555,Champions,1,False
2285,14654,738,1,246.86,1,1,1,111,Hibernating,0,True
2286,14655,8,7,3878.51,5,4,5,545,Champions,1,False
2287,14656,169,5,790.0,3,4,3,343,Loyal Customers,1,False
2288,14657,18,6,1450.19,5,4,4,544,Champions,1,False
2289,14658,5,2,247.15,5,2,1,521,Potential Loyalists,1,False
2290,14659,9,9,2529.93,5,5,4,554,Champions,1,False
2291,14660,87,2,285.74,3,2,2,322,Potential Loyalists,1,False
2292,14661,27,1,107.95,4,1,1,411,Recent Customers,1,False
2293,14662,29,7,1376.43,4,4,4,444,Champions,1,False
2294,14663,430,2,490.6,1,2,2,122,At Risk,0,True
2295,14664,20,2,636.24,4,2,3,423,Potential Loyalists,1,False
2296,14665,61,7,2749.65,3,4,4,344,Loyal Customers,1,False
2297,14666,24,1,195.25,4,1,1,411,Recent Customers,1,False
2298,14667,11,54,20395.34,5,5,5,555,Champions,1,False
2299,14668,445,1,111.63,1,1,1,111,Hibernating,0,True
2300,14669,242,7,3216.78,2,4,5,245,At Risk,1,True
2301,14670,280,3,583.33,2,3,2,232,At Risk,0,True
2302,14671,549,2,1127.45,1,2,3,123,At Risk,0,True
2303,14672,235,4,1113.14,2,3,3,233,At Risk,1,True
2304,14673,3,7,3037.32,5,4,5,545,Champions,1,False
2305,14674,509,1,173.66,1,1,1,111,Hibernating,0,True
2306,14675,16,2,1015.58,5,2,3,523,Potential Loyalists,1,False
2307,14676,31,12,8356.79,4,5,5,455,Champions,1,False
2308,14677,593,1,184.91,1,1,1,111,Hibernating,0,True
2309,14678,579,1,403.39,1,1,2,112,Hibernating,0,True
2310,14679,382,3,1289.44,2,3,4,234,At Risk,0,True
2311,14680,25,58,55688.5,4,5,5,455,Champions,2,False
2312,14681,71,6,875.1500000000001,3,4,3,343,Loyal Customers,1,False
2313,14682,188,6,1514.81,3,4,4,344,Loyal Customers,1,True
2314,14683,588,1,146.56,1,1,1,111,Hibernating,0,True
2315,14684,26,6,1430.03,4,4,4,444,Champions,1,False
2316,14685,576,8,4536.64,1,4,5,145,At Risk,0,True
2317,14686,414,5,852.53,1,4,3,143,At Risk,0,True
2318,14687,107,3,1402.06,3,3,4,334,Potential Loyalists,1,False
2319,14688,8,28,7190.42,5,5,5,555,Champions,1,False
2320,14689,209,1,112.8,2,1,1,211,Hibernating,1,True
2321,14690,44,4,777.68,4,3,3,433,Potential Loyalists,1,False
2322,14691,31,5,2114.33,4,4,4,444,Champions,1,False
2323,14692,137,12,1715.1399999999999,3,5,4,354,Loyal Customers,1,False
2324,14693,265,7,1165.36,2,4,3,243,At Risk,1,True
2325,14694,617,1,244.31,1,1,1,111,Hibernating,0,True
2326,14695,519,3,1534.22,1,3,4,134,At Risk,0,True
2327,14696,4,8,2473.28,5,4,4,544,Champions,1,False
2328,14697,218,2,188.60999999999999,2,2,1,221,Hibernating,1,True
2329,14698,2,5,1217.27,5,4,3,543,Loyal Customers,1,False
2330,14699,214,4,702.6,2,3,3,233,At Risk,1,True
2331,14700,32,5,3076.06,4,4,5,445,Champions,1,False
2332,14701,11,15,4487.11,5,5,5,555,Champions,1,False
2333,14702,1,29,6368.78,5,5,5,555,Champions,1,False
2334,14703,15,1,318.17,5,1,2,512,Recent Customers,1,False
2335,14704,11,11,1752.92,5,5,4,554,Champions,1,False
2336,14705,199,1,179.0,2,1,1,211,Hibernating,1,True
2337,14706,619,1,367.54,1,1,2,112,Hibernating,0,True
2338,14707,436,2,139.2,1,2,1,121,Hibernating,0,True
2339,14708,3,5,1793.22,5,4,4,544,Champions,1,False
2340,14709,15,25,8886.33,5,5,5,555,Champions,1,False
2341,14710,14,13,1899.79,5,5,4,554,Champions,1,False
2342,14711,10,11,2839.62,5,5,4,554,Champions,1,False
2343,14712,29,4,1328.0700000000002,4,3,4,434,Potential Loyalists,1,False
2344,14713,9,21,5115.76,5,5,5,555,Champions,1,False
2345,14714,24,4,906.24,4,3,3,433,Potential Loyalists,1,False
2346,14715,25,8,1825.45,4,4,4,444,Champions,1,False
2347,14716,43,3,543.28,4,3,2,432,Potential Loyalists,1,False
2348,14717,733,1,81.3,1,1,1,111,Hibernating,0,True
2349,14718,410,1,226.42,2,1,1,211,Hibernating,0,True
2350,14719,2,5,1581.84,5,4,4,544,Champions,1,False
2351,14720,6,3,663.81,5,3,3,533,Potential Loyalists,1,False
2352,14721,379,1,109.07,2,1,1,211,Hibernating,0,True
2353,14722,147,3,489.52,3,3,2,332,Potential Loyalists,1,False
2354,14723,10,11,1803.06,5,5,4,554,Champions,1,False
2355,14724,590,1,341.9,1,1,2,112,Hibernating,0,True
2356,14725,25,4,1252.74,4,3,4,434,Potential Loyalists,1,False
2357,14726,655,1,116.5,1,1,1,111,Hibernating,0,True
2358,14727,274,3,463.72999999999996,2,3,2,232,At Risk,0,True
2359,14728,413,1,190.58,1,1,1,111,Hibernating,0,True
2360,14729,374,3,586.24,2,3,2,232,At Risk,0,True
2361,14730,1,8,1897.57,5,4,4,544,Champions,1,False
2362,14731,47,3,380.02,4,3,2,432,Potential Loyalists,1,False
2363,14732,8,19,5517.07,5,5,5,555,Champions,1,False
2364,14733,16,15,14335.15,5,5,5,555,Champions,1,False
2365,14734,426,4,1056.42,1,3,3,133,At Risk,0,True
2366,14735,4,56,12240.16,5,5,5,555,Champions,1,False
2367,14736,485,2,374.05,1,2,2,122,At Risk,0,True
2368,14737,4,4,3554.17,5,3,5,535,Potential Loyalists,1,False
2369,14738,43,9,1821.9,4,5,4,454,Champions,1,False
2370,14739,4,25,11573.62,5,5,5,555,Champions,1,False
2371,14740,197,11,4161.06,2,5,5,255,At Risk,1,True
2372,14741,12,7,1713.09,5,4,4,544,Champions,1,False
2373,14742,435,1,579.85,1,1,2,112,Hibernating,0,True
2374,14743,593,1,50.48,1,1,1,111,Hibernating,0,True
2375,14744,16,14,3660.08,5,5,5,555,Champions,1,False
2376,14745,113,12,2551.41,3,5,4,354,Loyal Customers,1,False
2377,14746,406,4,593.5,2,3,2,232,At Risk,0,True
2378,14747,249,1,328.2,2,1,2,212,Hibernating,1,True
2379,14748,29,10,2681.9,4,5,4,454,Champions,1,False
2380,14749,480,1,310.15,1,1,2,112,Hibernating,0,True
2381,14750,736,1,112.03,1,1,1,111,Hibernating,0,True
2382,14751,684,2,126.45,1,2,1,121,Hibernating,0,True
2383,14752,44,1,389.64,4,1,2,412,Recent Customers,1,False
2384,14753,87,2,869.51,3,2,3,323,Potential Loyalists,1,False
2385,14754,45,6,1547.93,4,4,4,444,Champions,1,False
2386,14755,10,25,9972.550000000001,5,5,5,555,Champions,1,False
2387,14756,15,3,2653.76,5,3,4,534,Potential Loyalists,1,False
2388,14757,75,1,420.5,3,1,2,312,Promising,1,False
2389,14758,145,7,2864.97,3,4,4,344,Loyal Customers,1,False
2390,14759,5,3,1625.97,5,3,4,534,Potential Loyalists,1,False
2391,14760,297,1,89.2,2,1,1,211,Hibernating,0,True
2392,14761,59,3,447.92,4,3,2,432,Potential Loyalists,1,False
2393,14762,264,2,417.57,2,2,2,222,At Risk,0,True
2394,14764,47,1,278.3,4,1,1,411,Recent Customers,1,False
2395,14765,29,3,254.11,4,3,1,431,Potential Loyalists,1,False
2396,14766,8,11,6375.7300000000005,5,5,5,555,Champions,1,False
2397,14767,474,1,382.81,1,1,2,112,Hibernating,0,True
2398,14768,17,2,192.60000000000002,5,2,1,521,Potential Loyalists,1,False
2399,14769,3,17,15514.11,5,5,5,555,Champions,1,False
2400,14770,232,8,3637.64,2,4,5,245,At Risk,1,True
2401,14771,621,2,594.62,1,2,2,122,At Risk,0,True
2402,14772,112,1,139.26,3,1,1,311,Promising,1,False
2403,14773,593,1,140.55,1,1,1,111,Hibernating,0,True
2404,14774,529,1,241.45,1,1,1,111,Hibernating,0,True
2405,14775,58,3,1011.9,4,3,3,433,Potential Loyalists,1,False
2406,14776,51,15,3708.3,4,5,5,455,Champions,1,False
2407,14777,404,1,307.56,2,1,2,212,Hibernating,0,True
2408,14778,127,2,730.86,3,2,3,323,Potential Loyalists,1,False
2409,14779,281,3,386.15,2,3,2,232,At Risk,0,True
2410,14780,55,2,447.68,4,2,2,422,Potential Loyalists,1,False
2411,14782,320,1,200.10000000000002,2,1,1,211,Hibernating,0,True
2412,14783,659,1,307.3,1,1,2,112,Hibernating,0,True
2413,14784,26,3,449.93,4,3,2,432,Potential Loyalists,1,False
2414,14785,10,2,77.4,5,2,1,521,Potential Loyalists,1,False
2415,14786,550,1,90.96,1,1,1,111,Hibernating,0,True
2416,14787,471,1,110.65,1,1,1,111,Hibernating,0,True
2417,14788,7,3,1156.32,5,3,3,533,Potential Loyalists,1,False
2418,14789,29,1,197.64,4,1,1,411,Recent Customers,1,False
2419,14790,17,10,2526.62,5,5,4,554,Champions,1,False
2420,14791,607,1,303.63,1,1,2,112,Hibernating,0,True
2421,14792,64,1,6.2,3,1,1,311,Promising,1,False
2422,14793,21,2,625.9,4,2,3,423,Potential Loyalists,1,False
2423,14794,3,10,1953.9,5,5,4,554,Champions,1,False
2424,14795,166,1,131.45000000000002,3,1,1,311,Promising,1,False
2425,14796,1,27,10169.33,5,5,5,555,Champions,1,False
2426,14797,507,1,300.31,1,1,2,112,Hibernating,0,True
2427,14798,53,8,724.31,4,4,3,443,Loyal Customers,1,False
2428,14799,51,2,338.15,4,2,2,422,Potential Loyalists,1,False
2429,14800,48,17,7191.33,4,5,5,455,Champions,1,False
2430,14801,61,1,189.34,3,1,1,311,Promising,1,False
2431,14802,438,2,1502.98,1,2,4,124,At Risk,0,True
2432,14803,162,3,845.55,3,3,3,333,Potential Loyalists,1,False
2433,14804,9,1,353.27,5,1,2,512,Recent Customers,1,False
2434,14805,15,7,1082.55,5,4,3,543,Loyal Customers,1,False
2435,14806,75,2,303.43,3,2,2,322,Potential Loyalists,1,False
2436,14807,391,2,504.14,2,2,2,222,At Risk,0,True
2437,14808,40,8,2718.6,4,4,4,444,Champions,1,False
2438,14809,621,2,686.76,1,2,3,123,At Risk,0,True
2439,14810,41,13,2354.03,4,5,4,454,Champions,1,False
2440,14811,387,1,170.5,2,1,1,211,Hibernating,0,True
2441,14812,599,1,178.85,1,1,1,111,Hibernating,0,True
2442,14813,370,4,888.91,2,3,3,233,At Risk,0,True
2443,14814,581,1,154.21,1,1,1,111,Hibernating,0,True
2444,14815,37,2,778.5,4,2,3,423,Potential Loyalists,1,False
2445,14816,197,1,271.85,2,1,1,211,Hibernating,1,True
2446,14817,200,7,3959.86,2,4,5,245,At Risk,1,True
2447,14818,74,6,1153.56,3,4,3,343,Loyal Customers,1,False
2448,14819,64,4,456.41,3,3,2,332,Potential Loyalists,1,False
2449,14820,21,9,1274.76,4,5,4,454,Champions,1,False
2450,14821,367,7,1230.15,2,4,4,244,At Risk,0,True
2451,14822,485,1,157.70000000000002,1,1,1,111,Hibernating,0,True
2452,14823,180,3,321.43,3,3,2,332,Potential Loyalists,1,False
2453,14824,10,10,4022.9100000000003,5,5,5,555,Champions,1,False
2454,14825,4,24,4735.08,5,5,5,555,Champions,1,False
2455,14826,582,2,385.2,1,2,2,122,At Risk,0,True
2456,14828,197,13,9839.460000000001,2,5,5,255,At Risk,1,True
2457,14829,29,7,1455.8700000000001,4,4,4,444,Champions,1,False
2458,14830,53,1,188.88,4,1,1,411,Recent Customers,1,False
2459,14831,680,3,1676.57,1,3,4,134,At Risk,0,True
2460,14832,630,1,322.69,1,1,2,112,Hibernating,0,True
2461,14833,499,1,94.8,1,1,1,111,Hibernating,0,True
2462,14834,18,7,2206.16,5,4,4,544,Champions,1,False
2463,14835,529,2,297.0,1,2,2,122,At Risk,0,True
2464,14836,10,3,102.44999999999999,5,3,1,531,Potential Loyalists,1,False
2465,14837,90,9,3460.32,3,5,5,355,Loyal Customers,1,False
2466,14838,423,2,769.9200000000001,1,2,3,123,At Risk,0,True
2467,14839,418,3,915.28,1,3,3,133,At Risk,0,True
2468,14840,268,2,362.71,2,2,2,222,At Risk,0,True
2469,14841,53,14,7163.0,4,5,5,455,Champions,1,False
2470,14842,44,4,2824.69,4,3,4,434,Potential Loyalists,1,False
2471,14843,437,1,211.79999999999998,1,1,1,111,Hibernating,0,True
2472,14844,64,10,6702.43,3,5,5,355,Loyal Customers,1,False
2473,14845,600,1,150.0,1,1,1,111,Hibernating,0,True
2474,14846,427,1,437.4,1,1,2,112,Hibernating,0,True
2475,14847,149,3,1348.95,3,3,4,334,Potential Loyalists,1,False
2476,14848,405,1,310.56,2,1,2,212,Hibernating,0,True
2477,14849,22,43,15407.61,4,5,5,455,Champions,1,False
2478,14850,312,7,1770.96,2,4,4,244,At Risk,0,True
2479,14851,23,3,829.4100000000001,4,3,3,433,Potential Loyalists,1,False
2480,14852,58,18,6132.43,4,5,5,455,Champions,1,False
2481,14853,24,5,1376.87,4,4,4,444,Champions,1,False
2482,14854,78,11,4303.06,3,5,5,355,Loyal Customers,1,False
2483,14855,119,7,6520.3,3,4,5,345,Loyal Customers,1,False
2484,14856,36,3,1290.53,4,3,4,434,Potential Loyalists,1,False
2485,14857,60,7,3651.851,3,4,5,345,Loyal Customers,1,False
2486,14858,506,1,180.75,1,1,1,111,Hibernating,0,True
2487,14859,13,5,1705.64,5,4,4,544,Champions,1,False
2488,14860,19,1,170.32,5,1,1,511,Recent Customers,1,False
2489,14861,52,10,1380.73,4,5,4,454,Champions,1,False
2490,14862,26,2,841.1999999999999,4,2,3,423,Potential Loyalists,1,False
2491,14863,29,1,266.76,4,1,1,411,Recent Customers,1,False
2492,14865,7,4,92.52000000000001,5,3,1,531,Potential Loyalists,1,False
2493,14866,11,19,20746.54,5,5,5,555,Champions,1,False
2494,14867,186,16,2952.06,3,5,5,355,Loyal Customers,1,True
2495,14868,3,12,4184.01,5,5,5,555,Champions,1,False
2496,14869,9,6,2778.14,5,4,4,544,Champions,1,False
2497,14870,262,6,1838.95,2,4,4,244,At Risk,1,True
2498,14871,3,9,1228.17,5,5,4,554,Champions,1,False
2499,14872,484,3,816.6,1,3,3,133,At Risk,0,True
2500,14873,210,2,854.13,2,2,3,223,At Risk,1,True
2501,14874,535,1,116.18,1,1,1,111,Hibernating,0,True
2502,14875,108,3,2862.4,3,3,4,334,Potential Loyalists,1,False
2503,14876,521,2,256.7,1,2,1,121,Hibernating,0,True
2504,14877,418,2,425.85,1,2,2,122,At Risk,0,True
2505,14878,13,25,4076.5,5,5,5,555,Champions,1,False
2506,14879,685,1,185.06,1,1,1,111,Hibernating,0,True
2507,14880,77,3,690.59,3,3,3,333,Potential Loyalists,1,False
2508,14881,20,1,255.4,4,1,1,411,Recent Customers,1,False
2509,14882,27,14,3546.65,4,5,5,455,Champions,1,False
2510,14883,19,6,761.59,5,4,3,543,Loyal Customers,1,False
2511,14884,669,1,120.6,1,1,1,111,Hibernating,0,True
2512,14885,132,3,1598.12,3,3,4,334,Potential Loyalists,1,False
2513,14886,253,1,364.8,2,1,2,212,Hibernating,0,True
2514,14887,79,1,1862.0,3,1,4,314,Promising,1,False
2515,14888,207,1,369.2,2,1,2,212,Hibernating,1,True
2516,14889,336,1,135.9,2,1,1,211,Hibernating,0,True
2517,14890,254,3,817.25,2,3,3,233,At Risk,1,True
2518,14891,148,4,1106.73,3,3,3,333,Potential Loyalists,1,False
2519,14892,691,1,202.35000000000002,1,1,1,111,Hibernating,0,True
2520,14893,10,3,1809.6100000000001,5,3,4,534,Potential Loyalists,1,False
2521,14894,85,3,1492.81,3,3,4,334,Potential Loyalists,1,False
2522,14895,8,38,25119.54,5,5,5,555,Champions,1,False
2523,14896,205,8,1826.0,2,4,4,244,At Risk,1,True
2524,14897,8,8,3140.54,5,4,5,545,Champions,1,False
2525,14898,23,14,3365.95,4,5,5,455,Champions,1,False
2526,14899,395,1,1331.38,2,1,4,214,Others,0,True
2527,14900,522,1,13.919999999999998,1,1,1,111,Hibernating,0,True
2528,14901,11,12,1919.0,5,5,4,554,Champions,1,False
2529,14902,26,3,1035.6200000000001,4,3,3,433,Potential Loyalists,1,False
2530,14903,21,5,2795.33,4,4,4,444,Champions,1,False
2531,14904,2,4,1630.49,5,3,4,534,Potential Loyalists,1,False
2532,14905,158,8,1971.39,3,4,4,344,Loyal Customers,1,False
2533,14906,445,1,68.44,1,1,1,111,Hibernating,0,True
2534,14907,3,16,5547.72,5,5,5,555,Champions,1,False
2535,14908,74,2,381.9,3,2,2,322,Potential Loyalists,1,False
2536,14909,437,3,1404.68,1,3,4,134,At Risk,0,True
2537,14910,3,4,434.35,5,3,2,532,Potential Loyalists,1,False
2538,14911,1,398,291420.81,5,5,5,555,Champions,3,False
2539,14912,17,6,1889.25,5,4,4,544,Champions,1,False
2540,14913,36,8,4073.13,4,4,5,445,Champions,1,False
2541,14915,91,11,1811.25,3,5,4,354,Loyal Customers,1,False
2542,14916,71,8,3042.95,3,4,5,345,Loyal Customers,1,False
2543,14917,597,2,1123.75,1,2,3,123,At Risk,0,True
2544,14918,116,9,5955.81,3,5,5,355,Loyal Customers,1,False
2545,14919,539,1,359.35,1,1,2,112,Hibernating,0,True
2546,14920,213,3,1607.17,2,3,4,234,At Risk,1,True
2547,14921,30,2,1316.07,4,2,4,424,Potential Loyalists,1,False
2548,14922,394,2,843.74,2,2,3,223,At Risk,0,True
2549,14923,51,1,749.1,4,1,3,413,Recent Customers,1,False
2550,14924,246,3,931.01,2,3,3,233,At Risk,1,True
2551,14926,382,2,359.4,2,2,2,222,At Risk,0,True
2552,14927,397,1,308.2,2,1,2,212,Hibernating,0,True
2553,14928,628,1,223.91000000000003,1,1,1,111,Hibernating,0,True
2554,14929,32,2,836.69,4,2,3,423,Potential Loyalists,1,False
2555,14930,109,6,5236.7300000000005,3,4,5,345,Loyal Customers,1,False
2556,14931,5,5,1257.68,5,4,4,544,Champions,1,False
2557,14932,366,2,666.13,2,2,3,223,At Risk,0,True
2558,14933,444,4,1770.0,1,3,4,134,At Risk,0,True
2559,14934,82,5,3503.5,3,4,5,345,Loyal Customers,1,False
2560,14935,297,2,2849.83,2,2,4,224,At Risk,0,True
2561,14936,34,12,12410.81,4,5,5,455,Champions,1,False
2562,14937,57,3,1621.88,4,3,4,434,Potential Loyalists,1,False
2563,14938,562,2,2322.43,1,2,4,124,At Risk,0,True
2564,14940,418,2,531.49,1,2,2,122,At Risk,0,True
2565,14941,579,1,182.1,1,1,1,111,Hibernating,0,True
2566,14942,402,4,746.56,2,3,3,233,At Risk,0,True
2567,14943,663,1,107.62,1,1,1,111,Hibernating,0,True
2568,14944,30,19,9784.67,4,5,5,455,Champions,1,False
2569,14945,414,1,179.4,1,1,1,111,Hibernating,0,True
2570,14946,14,1,100.9,5,1,1,511,Recent Customers,1,False
2571,14947,72,6,1049.79,3,4,3,343,Loyal Customers,1,False
2572,14948,23,6,1101.97,4,4,3,443,Loyal Customers,1,False
2573,14949,469,4,515.0,1,3,2,132,At Risk,0,True
2574,14950,19,1,371.2,5,1,2,512,Recent Customers,1,False
2575,14951,79,1,311.69,3,1,2,312,Promising,1,False
2576,14952,60,32,17629.35,3,5,5,355,Loyal Customers,1,False
2577,14953,25,4,971.32,4,3,3,433,Potential Loyalists,1,False
2578,14954,12,2,462.12,5,2,2,522,Potential Loyalists,1,False
2579,14955,733,1,163.77,1,1,1,111,Hibernating,0,True
2580,14956,421,1,1325.0,1,1,4,114,Others,0,True
2581,14957,253,2,261.69,2,2,1,221,Hibernating,0,True
2582,14958,147,6,941.99,3,4,3,343,Loyal Customers,1,False
2583,14959,64,4,695.42,3,3,3,333,Potential Loyalists,1,False
2584,14960,8,2,221.27,5,2,1,521,Potential Loyalists,1,False
2585,14961,11,22,16410.15,5,5,5,555,Champions,1,False
2586,14962,271,4,366.91,2,3,2,232,At Risk,0,True
2587,14963,10,12,3123.57,5,5,5,555,Champions,1,False
2588,14964,247,1,206.21,2,1,1,211,Hibernating,1,True
2589,14965,96,2,596.09,3,2,2,322,Potential Loyalists,1,False
2590,14966,15,6,1064.26,5,4,3,543,Loyal Customers,1,False
2591,14967,50,6,1982.6100000000001,4,4,4,444,Champions,1,False
2592,14968,30,2,501.24,4,2,2,422,Potential Loyalists,1,False
2593,14969,704,1,906.23,1,1,3,113,Others,0,True
2594,14970,68,12,4919.35,3,5,5,355,Loyal Customers,1,False
2595,14971,35,3,1097.98,4,3,3,433,Potential Loyalists,1,False
2596,14972,128,2,145.07,3,2,1,321,Potential Loyalists,1,False
2597,14973,107,3,1314.45,3,3,4,334,Potential Loyalists,1,False
2598,14974,37,1,89.94,4,1,1,411,Recent Customers,1,False
2599,14975,57,2,472.39,4,2,2,422,Potential Loyalists,1,False
2600,14976,57,7,790.86,4,4,3,443,Loyal Customers,1,False
2601,14977,726,1,31.929999999999996,1,1,1,111,Hibernating,0,True
2602,14978,72,10,3112.19,3,5,5,355,Loyal Customers,1,False
2603,14979,735,1,429.66,1,1,2,112,Hibernating,0,True
2604,14980,737,1,150.68,1,1,1,111,Hibernating,0,True
2605,14981,246,2,372.92,2,2,2,222,At Risk,1,True
2606,14982,572,1,237.78,1,1,1,111,Hibernating,0,True
2607,14983,689,1,183.20000000000002,1,1,1,111,Hibernating,0,True
2608,14984,19,6,1260.51,5,4,4,544,Champions,1,False
2609,14985,198,2,292.01,2,2,2,222,At Risk,1,True
2610,14986,376,2,563.1,2,2,2,222,At Risk,0,True
2611,14987,16,8,1550.6499999999999,5,4,4,544,Champions,1,False
2612,14988,212,7,2038.65,2,4,4,244,At Risk,1,True
2613,14989,662,1,342.4,1,1,2,112,Hibernating,0,True
2614,14990,612,2,304.17,1,2,2,122,At Risk,0,True
2615,14991,430,1,314.67,1,1,2,112,Hibernating,0,True
2616,14992,442,1,210.5,1,1,1,111,Hibernating,0,True
2617,14993,564,1,36.13,1,1,1,111,Hibernating,0,True
2618,14994,382,5,946.72,2,4,3,243,At Risk,0,True
2619,14995,39,2,231.98000000000002,4,2,1,421,Potential Loyalists,1,False
2620,14996,481,2,442.28999999999996,1,2,2,122,At Risk,0,True
2621,14997,46,4,776.5999999999999,4,3,3,433,Potential Loyalists,1,False
2622,14998,170,4,753.18,3,3,3,333,Potential Loyalists,1,False
2623,14999,593,1,129.48000000000002,1,1,1,111,Hibernating,0,True
2624,15000,48,1,490.52,4,1,2,412,Recent Customers,1,False
2625,15001,394,2,199.10999999999999,2,2,1,221,Hibernating,0,True
2626,15002,116,9,4138.08,3,5,5,355,Loyal Customers,1,False
2627,15003,473,6,1027.03,1,4,3,143,At Risk,0,True
2628,15004,147,1,1220.77,3,1,3,313,Promising,1,False
2629,15005,16,56,13754.58,5,5,5,555,Champions,1,False
2630,15006,51,2,757.78,4,2,3,423,Potential Loyalists,1,False
2631,15007,159,1,156.91,3,1,1,311,Promising,1,False
2632,15008,480,2,360.0,1,2,2,122,At Risk,0,True
2633,15009,12,3,1259.43,5,3,4,534,Potential Loyalists,1,False
2634,15010,36,1,308.94,4,1,2,412,Recent Customers,1,False
2635,15011,396,2,416.6,2,2,2,222,At Risk,0,True
2636,15012,54,3,646.26,4,3,3,433,Potential Loyalists,1,False
2637,15013,488,10,1610.82,1,5,4,154,At Risk,0,True
2638,15014,43,2,257.67,4,2,1,421,Potential Loyalists,1,False
2639,15015,501,13,2354.97,1,5,4,154,At Risk,0,True
2640,15016,173,5,620.89,3,4,3,343,Loyal Customers,1,False
2641,15017,34,1,125.58,4,1,1,411,Recent Customers,1,False
2642,15018,39,3,496.21000000000004,4,3,2,432,Potential Loyalists,1,False
2643,15019,267,1,252.81,2,1,1,211,Hibernating,0,True
2644,15020,379,1,198.47,2,1,1,211,Hibernating,0,True
2645,15021,9,12,2500.59,5,5,4,554,Champions,1,False
2646,15022,12,5,1133.44,5,4,3,543,Loyal Customers,1,False
2647,15023,3,20,11578.65,5,5,5,555,Champions,1,False
2648,15024,10,16,3559.39,5,5,5,555,Champions,1,False
2649,15025,33,2,979.79,4,2,3,423,Potential Loyalists,1,False
2650,15026,80,5,1048.8899999999999,3,4,3,343,Loyal Customers,1,False
2651,15027,31,10,3195.6,4,5,5,455,Champions,1,False
2652,15028,8,6,962.94,5,4,3,543,Loyal Customers,1,False
2653,15029,620,1,365.1,1,1,2,112,Hibernating,0,True
2654,15030,72,8,1979.91,3,4,4,344,Loyal Customers,1,False
2655,15031,4,14,3102.94,5,5,5,555,Champions,1,False
2656,15032,256,8,11010.05,2,4,5,245,At Risk,1,True
2657,15033,5,10,2557.18,5,5,4,554,Champions,1,False
2658,15034,16,14,8231.2,5,5,5,555,Champions,1,False
2659,15035,90,1,252.73000000000002,3,1,1,311,Promising,1,False
2660,15036,72,3,429.56,3,3,2,332,Potential Loyalists,1,False
2661,15037,376,2,397.76,2,2,2,222,At Risk,0,True
2662,15038,59,9,1146.53,4,5,3,453,Loyal Customers,1,False
2663,15039,10,93,39141.48,5,5,5,555,Champions,2,False
2664,15040,542,1,7.49,1,1,1,111,Hibernating,0,True
2665,15041,170,2,289.4,3,2,2,322,Potential Loyalists,1,False
2666,15042,199,2,315.45,2,2,2,222,At Risk,1,True
2667,15043,31,6,2870.3199999999997,4,4,4,444,Champions,1,False
2668,15044,19,35,16024.15,5,5,5,555,Champions,1,False
2669,15045,152,2,735.66,3,2,3,323,Potential Loyalists,1,False
2670,15046,9,25,7623.79,5,5,5,555,Champions,1,False
2671,15047,270,1,343.62,2,1,2,212,Hibernating,0,True
2672,15048,65,4,381.0,3,3,2,332,Potential Loyalists,1,False
2673,15049,274,1,121.17000000000002,2,1,1,211,Hibernating,0,True
2674,15050,25,5,4087.19,4,4,5,445,Champions,1,False
2675,15051,23,9,3926.91,4,5,5,455,Champions,1,False
2676,15052,319,1,207.73000000000002,2,1,1,211,Hibernating,0,True
2677,15053,5,3,693.95,5,3,3,533,Potential Loyalists,1,False
2678,15054,12,2,302.1,5,2,2,522,Potential Loyalists,1,False
2679,15055,475,3,549.12,1,3,2,132,At Risk,0,True
2680,15056,520,1,113.64999999999999,1,1,1,111,Hibernating,0,True
2681,15057,275,5,3255.96,2,4,5,245,At Risk,0,True
2682,15058,25,16,3387.58,4,5,5,455,Champions,1,False
2683,15059,41,19,3491.2,4,5,5,455,Champions,1,False
2684,15060,8,4,294.25,5,3,2,532,Potential Loyalists,1,False
2685,15061,4,127,126389.02,5,5,5,555,Champions,2,False
2686,15062,71,8,2585.62,3,4,4,344,Loyal Customers,1,False
2687,15063,213,1,370.79999999999995,2,1,2,212,Hibernating,1,True
2688,15064,410,4,1254.41,2,3,4,234,At Risk,0,True
2689,15065,38,5,3326.86,4,4,5,445,Champions,1,False
2690,15066,53,1,893.59,4,1,3,413,Recent Customers,1,False
2691,15067,78,5,3862.88,3,4,5,345,Loyal Customers,1,False
2692,15068,46,4,1174.9,4,3,3,433,Potential Loyalists,1,False
2693,15069,179,1,1109.53,3,1,3,313,Promising,1,False
2694,15070,373,3,737.0500000000001,2,3,3,233,At Risk,0,True
2695,15071,94,4,1455.56,3,3,4,334,Potential Loyalists,1,False
2696,15072,479,1,187.51999999999998,1,1,1,111,Hibernating,0,True
2697,15073,10,8,2788.02,5,4,4,544,Champions,1,False
2698,15074,105,3,1553.1299999999999,3,3,4,334,Potential Loyalists,1,False
2699,15075,78,1,773.03,3,1,3,313,Promising,1,False
2700,15076,173,3,1447.74,3,3,4,334,Potential Loyalists,1,False
2701,15077,495,2,2428.08,1,2,4,124,At Risk,0,True
2702,15078,7,53,17286.73,5,5,5,555,Champions,1,False
2703,15079,213,11,3625.4,2,5,5,255,At Risk,1,True
2704,15080,428,2,546.25,1,2,2,122,At Risk,0,True
2705,15081,22,12,1854.57,4,5,4,454,Champions,1,False
2706,15082,669,1,93.35000000000001,1,1,1,111,Hibernating,0,True
2707,15083,257,1,88.2,2,1,1,211,Hibernating,0,True
2708,15084,380,2,965.2,2,2,3,223,At Risk,0,True
2709,15085,730,1,347.54,1,1,2,112,Hibernating,0,True
2710,15086,565,2,218.53,1,2,1,121,Hibernating,0,True
2711,15087,282,1,306.94,2,1,2,212,Hibernating,0,True
2712,15088,21,2,1160.07,4,2,3,423,Potential Loyalists,1,False
2713,15089,10,6,2420.84,5,4,4,544,Champions,1,False
2714,15090,308,1,381.32,2,1,2,212,Hibernating,0,True
2715,15091,68,3,1046.6100000000001,3,3,3,333,Potential Loyalists,1,False
2716,15092,215,3,776.46,2,3,3,233,At Risk,1,True
2717,15093,18,23,13702.38,5,5,5,555,Champions,1,False
2718,15094,463,2,83.0,1,2,1,121,Hibernating,0,True
2719,15095,104,10,3141.64,3,5,5,355,Loyal Customers,1,False
2720,15096,43,1,219.39000000000001,4,1,1,411,Recent Customers,1,False
2721,15097,4,3,908.35,5,3,3,533,Potential Loyalists,1,False
2722,15098,182,3,39916.5,3,3,5,335,Potential Loyalists,1,True
2723,15099,84,1,410.48,3,1,2,312,Promising,1,False
2724,15100,334,7,2193.8999999999996,2,4,4,244,At Risk,0,True
2725,15101,9,6,1477.94,5,4,4,544,Champions,1,False
2726,15102,531,2,554.67,1,2,2,122,At Risk,0,True
2727,15103,31,2,703.36,4,2,3,423,Potential Loyalists,1,False
2728,15104,197,2,993.54,2,2,3,223,At Risk,1,True
2729,15105,18,9,3094.91,5,5,5,555,Champions,1,False
2730,15106,18,5,1422.52,5,4,4,544,Champions,1,False
2731,15107,311,9,824.35,2,5,3,253,At Risk,0,True
2732,15108,142,4,1300.25,3,3,4,334,Potential Loyalists,1,False
2733,15109,246,3,983.1,2,3,3,233,At Risk,1,True
2734,15110,24,6,1505.8500000000001,4,4,4,444,Champions,1,False
2735,15111,29,5,2442.37,4,4,4,444,Champions,1,False
2736,15112,611,1,209.4,1,1,1,111,Hibernating,0,True
2737,15113,10,3,3509.43,5,3,5,535,Potential Loyalists,1,False
2738,15114,30,12,3400.12,4,5,5,455,Champions,1,False
2739,15115,18,2,531.85,5,2,2,522,Potential Loyalists,1,False
2740,15116,18,4,1352.75,5,3,4,534,Potential Loyalists,1,False
2741,15117,15,8,2485.9700000000003,5,4,4,544,Champions,1,False
2742,15118,134,1,244.8,3,1,1,311,Promising,1,False
2743,15119,246,1,266.4,2,1,1,211,Hibernating,1,True
2744,15120,134,1,358.82,3,1,2,312,Promising,1,False
2745,15121,50,2,457.72,4,2,2,422,Potential Loyalists,1,False
2746,15122,114,11,4487.27,3,5,5,355,Loyal Customers,1,False
2747,15123,7,5,4656.17,5,4,5,545,Champions,1,False
2748,15124,23,4,450.82,4,3,2,432,Potential Loyalists,1,False
2749,15125,25,24,17024.87,4,5,5,455,Champions,1,False
2750,15126,537,2,449.49,1,2,2,122,At Risk,0,True
2751,15127,66,2,711.5,3,2,3,323,Potential Loyalists,1,False
2752,15128,60,5,1783.68,3,4,4,344,Loyal Customers,1,False
2753,15129,50,23,6860.18,4,5,5,455,Champions,1,False
2754,15130,170,1,330.11,3,1,2,312,Promising,1,False
2755,15131,395,1,80.28,2,1,1,211,Hibernating,0,True
2756,15132,18,5,977.9300000000001,5,4,3,543,Loyal Customers,1,False
2757,15133,128,5,1806.9,3,4,4,344,Loyal Customers,1,False
2758,15134,15,10,1596.29,5,5,4,554,Champions,1,False
2759,15135,239,2,305.68,2,2,2,222,At Risk,1,True
2760,15136,3,4,1286.7,5,3,4,534,Potential Loyalists,1,False
2761,15137,521,2,823.4,1,2,3,123,At Risk,0,True
2762,15138,394,1,502.52,2,1,2,212,Hibernating,0,True
2763,15139,240,2,178.96,2,2,1,221,Hibernating,1,True
2764,15140,52,8,3243.69,4,4,5,445,Champions,1,False
2765,15141,458,7,1388.47,1,4,4,144,At Risk,0,True
2766,15142,46,6,2619.92,4,4,4,444,Champions,1,False
2767,15143,226,2,563.63,2,2,2,222,At Risk,1,True
2768,15144,8,29,12160.31,5,5,5,555,Champions,1,False
2769,15145,4,4,1194.73,5,3,3,533,Potential Loyalists,1,False
2770,15146,165,2,1327.16,3,2,4,324,Potential Loyalists,1,False
2771,15147,240,1,623.5,2,1,3,213,Others,1,True
2772,15148,11,1,301.29,5,1,2,512,Recent Customers,1,False
2773,15149,134,5,1554.6100000000001,3,4,4,344,Loyal Customers,1,False
2774,15150,17,13,8977.94,5,5,5,555,Champions,1,False
2775,15151,423,2,2085.61,1,2,4,124,At Risk,0,True
2776,15152,10,14,5263.83,5,5,5,555,Champions,1,False
2777,15153,31,1,329.25,4,1,2,412,Recent Customers,1,False
2778,15154,75,3,1343.72,3,3,4,334,Potential Loyalists,1,False
2779,15155,383,1,383.96999999999997,2,1,2,212,Hibernating,0,True
2780,15156,1,3,961.49,5,3,3,533,Potential Loyalists,1,False
2781,15157,4,5,2654.11,5,4,4,544,Champions,1,False
2782,15158,45,2,606.02,4,2,2,422,Potential Loyalists,1,False
2783,15159,2,34,22116.73,5,5,5,555,Champions,1,False
2784,15160,357,4,589.27,2,3,2,232,At Risk,0,True
2785,15161,388,1,119.92,2,1,1,211,Hibernating,0,True
2786,15162,731,1,312.9,1,1,2,112,Hibernating,0,True
2787,15163,18,2,304.47,5,2,2,522,Potential Loyalists,1,False
2788,15164,69,9,2028.1100000000001,3,5,4,354,Loyal Customers,1,False
2789,15165,373,1,487.75,2,1,2,212,Hibernating,0,True
2790,15166,468,1,167.16,1,1,1,111,Hibernating,0,True
2791,15167,321,5,1627.62,2,4,4,244,At Risk,0,True
2792,15168,26,1,106.56,4,1,1,411,Recent Customers,1,False
2793,15169,382,2,569.22,2,2,2,222,At Risk,0,True
2794,15170,407,1,81.15,2,1,1,211,Hibernating,0,True
2795,15171,331,1,1289.5,2,1,4,214,Others,0,True
2796,15172,9,5,1624.05,5,4,4,544,Champions,1,False
2797,15173,381,7,1494.6,2,4,4,244,At Risk,0,True
2798,15174,323,2,481.46,2,2,2,222,At Risk,0,True
2799,15175,72,1,224.14,3,1,1,311,Promising,1,False
2800,15176,668,1,988.04,1,1,3,113,Others,0,True
2801,15177,426,1,948.93,1,1,3,113,Others,0,True
2802,15178,260,1,40.5,2,1,1,211,Hibernating,0,True
2803,15179,18,13,7491.92,5,5,5,555,Champions,1,False
2804,15180,367,3,816.9300000000001,2,3,3,233,At Risk,0,True
2805,15181,66,5,1200.2,3,4,3,343,Loyal Customers,1,False
2806,15182,154,11,2998.952,3,5,5,355,Loyal Customers,1,False
2807,15183,548,3,639.93,1,3,3,133,At Risk,0,True
2808,15184,29,4,685.39,4,3,3,433,Potential Loyalists,1,False
2809,15185,70,1,310.62,3,1,2,312,Promising,1,False
2810,15186,14,5,1403.2,5,4,4,544,Champions,1,False
2811,15187,2,16,4777.18,5,5,5,555,Champions,1,False
2812,15188,725,1,310.43,1,1,2,112,Hibernating,0,True
2813,15189,1,46,17524.38,5,5,5,555,Champions,1,False
2814,15190,434,1,834.4399999999999,1,1,3,113,Others,0,True
2815,15191,463,3,588.05,1,3,2,132,At Risk,0,True
2816,15192,120,5,1666.39,3,4,4,344,Loyal Customers,1,False
2817,15193,61,1,499.32,3,1,2,312,Promising,1,False
2818,15194,3,28,12021.53,5,5,5,555,Champions,1,False
2819,15195,3,1,3861.0,5,1,5,515,Recent Customers,1,False
2820,15196,433,2,313.7,1,2,2,122,At Risk,0,True
2821,15197,11,6,1877.51,5,4,4,544,Champions,1,False
2822,15198,92,5,571.35,3,4,2,342,Loyal Customers,1,False
2823,15199,59,10,3122.4,4,5,5,455,Champions,1,False
2824,15200,495,1,549.05,1,1,2,112,Hibernating,0,True
2825,15201,87,7,1842.95,3,4,4,344,Loyal Customers,1,False
2826,15202,420,3,6001.49,1,3,5,135,At Risk,0,True
2827,15203,26,15,4400.18,4,5,5,455,Champions,1,False
2828,15204,357,1,316.58,2,1,2,212,Hibernating,0,True
2829,15205,85,2,653.24,3,2,3,323,Potential Loyalists,1,False
2830,15206,10,4,420.29999999999995,5,3,2,532,Potential Loyalists,1,False
2831,15207,416,3,683.9200000000001,1,3,3,133,At Risk,0,True
2832,15208,1,6,970.52,5,4,3,543,Loyal Customers,1,False
2833,15209,730,1,178.98000000000002,1,1,1,111,Hibernating,0,True
2834,15210,225,3,1176.19,2,3,3,233,At Risk,1,True
2835,15211,60,2,894.4100000000001,3,2,3,323,Potential Loyalists,1,False
2836,15212,241,2,208.28,2,2,1,221,Hibernating,1,True
2837,15213,319,2,328.35,2,2,2,222,At Risk,0,True
2838,15214,2,8,1661.44,5,4,4,544,Champions,1,False
2839,15215,47,7,2422.43,4,4,4,444,Champions,1,False
2840,15216,88,2,486.09,3,2,2,322,Potential Loyalists,1,False
2841,15217,563,1,426.24,1,1,2,112,Hibernating,0,True
2842,15218,11,22,11468.83,5,5,5,555,Champions,1,False
2843,15219,176,2,685.45,3,2,3,323,Potential Loyalists,1,False
2844,15220,52,6,1778.96,4,4,4,444,Champions,1,False
2845,15221,366,4,2062.2000000000003,2,3,4,234,At Risk,0,True
2846,15222,319,11,3550.91,2,5,5,255,At Risk,0,True
2847,15223,226,5,1417.95,2,4,4,244,At Risk,1,True
2848,15224,358,5,871.36,2,4,3,243,At Risk,0,True
2849,15225,234,1,409.40000000000003,2,1,2,212,Hibernating,1,True
2850,15226,311,1,154.41,2,1,1,211,Hibernating,0,True
2851,15227,37,9,2488.4900000000002,4,5,4,454,Champions,1,False
2852,15228,66,6,5580.2699999999995,3,4,5,345,Loyal Customers,1,False
2853,15229,586,1,160.5,1,1,1,111,Hibernating,0,True
2854,15230,239,2,429.6,2,2,2,222,At Risk,1,True
2855,15231,621,1,250.26,1,1,1,111,Hibernating,0,True
2856,15232,113,2,612.06,3,2,3,323,Potential Loyalists,1,False
2857,15233,401,1,59.400000000000006,2,1,1,211,Hibernating,0,True
2858,15234,277,1,197.0,2,1,1,211,Hibernating,0,True
2859,15235,218,16,2772.76,2,5,4,254,At Risk,1,True
2860,15236,299,1,321.05,2,1,2,212,Hibernating,0,True
2861,15237,2,4,1412.32,5,3,4,534,Potential Loyalists,1,False
2862,15238,29,3,1071.99,4,3,3,433,Potential Loyalists,1,False
2863,15239,10,2,780.59,5,2,3,523,Potential Loyalists,1,False
2864,15240,45,12,4459.98,4,5,5,455,Champions,1,False
2865,15241,67,11,3050.16,3,5,5,355,Loyal Customers,1,False
2866,15242,422,1,302.04,1,1,2,112,Hibernating,0,True
2867,15243,74,2,927.2800000000001,3,2,3,323,Potential Loyalists,1,False
2868,15244,65,3,912.08,3,3,3,333,Potential Loyalists,1,False
2869,15245,134,8,4610.84,3,4,5,345,Loyal Customers,1,False
2870,15246,238,3,780.4,2,3,3,233,At Risk,1,True
2871,15247,122,3,976.06,3,3,3,333,Potential Loyalists,1,False
2872,15248,411,3,1893.93,1,3,4,134,At Risk,0,True
2873,15249,32,18,9266.0,4,5,5,455,Champions,1,False
2874,15250,641,1,60.0,1,1,1,111,Hibernating,0,True
2875,15251,9,21,20324.54,5,5,5,555,Champions,1,False
2876,15252,36,5,2103.41,4,4,4,444,Champions,1,False
2877,15253,16,8,2055.09,5,4,4,544,Champions,1,False
2878,15254,127,3,1088.35,3,3,3,333,Potential Loyalists,1,False
2879,15255,67,9,3706.02,3,5,5,355,Loyal Customers,1,False
2880,15256,149,2,170.4,3,2,1,321,Potential Loyalists,1,False
2881,15257,283,2,685.9,2,2,3,223,At Risk,0,True
2882,15258,169,2,623.16,3,2,3,323,Potential Loyalists,1,False
2883,15259,513,4,1182.3799999999999,1,3,3,133,At Risk,0,True
2884,15260,100,25,8767.73,3,5,5,355,Loyal Customers,1,False
2885,15261,135,4,1508.0,3,3,4,334,Potential Loyalists,1,False
2886,15262,324,3,418.82,2,3,2,232,At Risk,0,True
2887,15263,107,1,156.51,3,1,1,311,Promising,1,False
2888,15264,64,2,848.4,3,2,3,323,Potential Loyalists,1,False
2889,15265,151,4,3345.64,3,3,5,335,Potential Loyalists,1,False
2890,15266,338,5,852.21,2,4,3,243,At Risk,0,True
2891,15267,22,5,1717.36,4,4,4,444,Champions,1,False
2892,15268,479,3,961.9000000000001,1,3,3,133,At Risk,0,True
2893,15269,24,3,1225.3600000000001,4,3,4,434,Potential Loyalists,1,False
2894,15270,16,21,8524.86,5,5,5,555,Champions,1,False
2895,15271,7,24,4528.54,5,5,5,555,Champions,1,False
2896,15272,57,6,2030.95,4,4,4,444,Champions,1,False
2897,15273,600,1,228.96,1,1,1,111,Hibernating,0,True
2898,15274,4,2,716.57,5,2,3,523,Potential Loyalists,1,False
2899,15275,38,1,615.14,4,1,3,413,Recent Customers,1,False
2900,15276,66,4,619.8,3,3,3,333,Potential Loyalists,1,False
2901,15277,47,2,476.34,4,2,2,422,Potential Loyalists,1,False
2902,15278,562,4,496.15999999999997,1,3,2,132,At Risk,0,True
2903,15279,355,5,1580.54,2,4,4,244,At Risk,0,True
2904,15280,172,3,397.52,3,3,2,332,Potential Loyalists,1,False
2905,15281,59,16,8543.57,4,5,5,455,Champions,1,False
2906,15282,570,1,348.59,1,1,2,112,Hibernating,0,True
2907,15283,390,3,148.33,2,3,1,231,Others,0,True
2908,15284,500,1,24.75,1,1,1,111,Hibernating,0,True
2909,15285,408,1,94.92,2,1,1,211,Hibernating,0,True
2910,15286,50,1,240.55,4,1,1,411,Recent Customers,1,False
2911,15287,22,5,856.03,4,4,3,443,Loyal Customers,1,False
2912,15288,43,10,3715.38,4,5,5,455,Champions,1,False
2913,15289,29,5,1593.09,4,4,4,444,Champions,1,False
2914,15290,5,26,10496.28,5,5,5,555,Champions,1,False
2915,15291,26,40,13517.76,4,5,5,455,Champions,1,False
2916,15292,201,1,178.39,2,1,1,211,Hibernating,1,True
2917,15293,666,1,247.5,1,1,1,111,Hibernating,0,True
2918,15294,411,1,233.35,1,1,1,111,Hibernating,0,True
2919,15295,654,1,207.04,1,1,1,111,Hibernating,0,True
2920,15296,51,12,10323.03,4,5,5,455,Champions,1,False
2921,15297,10,3,641.94,5,3,3,533,Potential Loyalists,1,False
2922,15298,2,23,9061.77,5,5,5,555,Champions,1,False
2923,15299,67,10,6156.53,3,5,5,355,Loyal Customers,1,False
2924,15300,64,1,496.44,3,1,2,312,Promising,1,False
2925,15301,51,17,6909.67,4,5,5,455,Champions,1,False
2926,15302,730,1,308.0,1,1,2,112,Hibernating,0,True
2927,15303,290,3,1224.18,2,3,4,234,At Risk,0,True
2928,15304,61,9,796.4000000000001,3,5,3,353,Loyal Customers,1,False
2929,15305,555,1,93.6,1,1,1,111,Hibernating,0,True
2930,15306,64,9,3484.73,3,5,5,355,Loyal Customers,1,False
2931,15307,96,1,205.3,3,1,1,311,Promising,1,False
2932,15308,274,1,310.47,2,1,2,212,Hibernating,0,True
2933,15309,611,4,797.96,1,3,3,133,At Risk,0,True
2934,15310,479,1,1634.64,1,1,4,114,Others,0,True
2935,15311,1,208,114966.42,5,5,5,555,Champions,2,False
2936,15312,75,12,2930.19,3,5,5,355,Loyal Customers,1,False
2937,15313,110,1,52.0,3,1,1,311,Promising,1,False
2938,15314,199,3,820.4499999999999,2,3,3,233,At Risk,1,True
2939,15315,64,2,570.5,3,2,2,322,Potential Loyalists,1,False
2940,15316,327,1,165.0,2,1,1,211,Hibernating,0,True
2941,15317,677,1,129.75,1,1,1,111,Hibernating,0,True
2942,15318,4,1,312.62,5,1,2,512,Recent Customers,1,False
2943,15319,284,1,204.5,2,1,1,211,Hibernating,0,True
2944,15320,44,1,267.13,4,1,1,411,Recent Customers,1,False
2945,15321,71,12,6709.7300000000005,3,5,5,355,Loyal Customers,1,False
2946,15322,86,2,1390.86,3,2,4,324,Potential Loyalists,1,False
2947,15323,563,3,434.6,1,3,2,132,At Risk,0,True
2948,15324,701,1,140.22000000000003,1,1,1,111,Hibernating,0,True
2949,15325,104,8,1601.46,3,4,4,344,Loyal Customers,1,False
2950,15326,334,5,1700.52,2,4,4,244,At Risk,0,True
2951,15327,53,1,208.75,4,1,1,411,Recent Customers,1,False
2952,15328,408,1,107.24,2,1,1,211,Hibernating,0,True
2953,15329,39,11,2958.83,4,5,5,455,Champions,1,False
2954,15330,32,2,714.96,4,2,3,423,Potential Loyalists,1,False
2955,15331,500,3,767.91,1,3,3,133,At Risk,0,True
2956,15332,366,6,4892.68,2,4,5,245,At Risk,0,True
2957,15333,208,1,1028.56,2,1,3,213,Others,1,True
2958,15334,157,3,350.82,3,3,2,332,Potential Loyalists,1,False
2959,15335,54,1,170.22,4,1,1,411,Recent Customers,1,False
2960,15336,402,1,240.5,2,1,1,211,Hibernating,0,True
2961,15337,411,1,373.02,1,1,2,112,Hibernating,0,True
2962,15338,677,1,277.93,1,1,1,111,Hibernating,0,True
2963,15339,66,7,1821.02,3,4,4,344,Loyal Customers,1,False
2964,15340,562,1,105.5,1,1,1,111,Hibernating,0,True
2965,15341,81,2,2402.7200000000003,3,2,4,324,Potential Loyalists,1,False
2966,15342,130,1,406.09,3,1,2,312,Promising,1,False
2967,15343,87,1,364.5,3,1,2,312,Promising,1,False
2968,15344,1,3,563.94,5,3,2,532,Potential Loyalists,1,False
2969,15345,46,1,393.54,4,1,2,412,Recent Customers,1,False
2970,15346,333,3,596.12,2,3,2,232,At Risk,0,True
2971,15347,366,4,1162.0,2,3,3,233,At Risk,0,True
2972,15348,72,1,158.04,3,1,1,311,Promising,1,False
2973,15349,158,2,463.90999999999997,3,2,2,322,Potential Loyalists,1,False
2974,15350,373,2,547.6,2,2,2,222,At Risk,0,True
2975,15351,12,10,3430.22,5,5,5,555,Champions,1,False
2976,15352,549,1,111.15,1,1,1,111,Hibernating,0,True
2977,15353,255,7,2794.4700000000003,2,4,4,244,At Risk,1,True
2978,15354,603,3,284.4,1,3,1,131,Others,0,True
2979,15355,29,2,277.05,4,2,1,421,Potential Loyalists,1,False
2980,15356,31,13,3239.57,4,5,5,455,Champions,1,False
2981,15358,5,42,16425.86,5,5,5,555,Champions,1,False
2982,15359,663,8,181.35,1,4,1,141,Others,0,True
2983,15360,40,1,427.93,4,1,2,412,Recent Customers,1,False
2984,15361,362,4,689.07,2,3,3,233,At Risk,0,True
2985,15362,449,2,613.08,1,2,3,123,At Risk,0,True
2986,15363,373,2,678.11,2,2,3,223,At Risk,0,True
2987,15364,96,2,913.19,3,2,3,323,Potential Loyalists,1,False
2988,15365,26,13,4557.13,4,5,5,455,Champions,1,False
2989,15366,75,7,2389.08,3,4,4,344,Loyal Customers,1,False
2990,15367,57,11,5081.33,4,5,5,455,Champions,1,False
2991,15368,21,2,722.74,4,2,3,423,Potential Loyalists,1,False
2992,15369,492,11,6251.26,1,5,5,155,At Risk,0,True
2993,15370,41,8,3739.01,4,4,5,445,Champions,1,False
2994,15371,662,1,59.400000000000006,1,1,1,111,Hibernating,0,True
2995,15372,137,8,6017.06,3,4,5,345,Loyal Customers,1,False
2996,15373,8,17,3084.54,5,5,5,555,Champions,1,False
2997,15374,129,2,307.32,3,2,2,322,Potential Loyalists,1,False
2998,15375,690,1,60.959999999999994,1,1,1,111,Hibernating,0,True
2999,15376,40,3,1221.56,4,3,4,434,Potential Loyalists,1,False
3000,15377,383,4,1211.75,2,3,3,233,At Risk,0,True
3001,15378,463,2,246.5,1,2,1,121,Hibernating,0,True
3002,15379,169,8,4877.84,3,4,5,345,Loyal Customers,1,False
3003,15380,9,11,3248.96,5,5,5,555,Champions,1,False
3004,15381,214,5,1890.5700000000002,2,4,4,244,At Risk,1,True
3005,15382,15,12,13733.550000000001,5,5,5,555,Champions,1,False
3006,15384,170,4,2027.79,3,3,4,334,Potential Loyalists,1,False
3007,15385,40,3,942.08,4,3,3,433,Potential Loyalists,1,False
3008,15386,186,1,394.14,3,1,2,312,Promising,1,True
3009,15387,492,1,468.65,1,1,2,112,Hibernating,0,True
3010,15388,270,1,140.54,2,1,1,211,Hibernating,0,True
3011,15389,172,5,2733.8,3,4,4,344,Loyal Customers,1,False
3012,15390,396,2,1216.66,2,2,3,223,At Risk,0,True
3013,15391,584,1,289.87,1,1,2,112,Hibernating,0,True
3014,15392,5,7,2911.62,5,4,5,545,Champions,1,False
3015,15393,16,5,891.34,5,4,3,543,Loyal Customers,1,False
3016,15394,10,11,5286.8,5,5,5,555,Champions,1,False
3017,15395,326,1,107.45,2,1,1,211,Hibernating,0,True
3018,15396,113,2,796.38,3,2,3,323,Potential Loyalists,1,False
3019,15397,290,1,94.0,2,1,1,211,Hibernating,0,True
3020,15398,16,2,1345.53,5,2,4,524,Potential Loyalists,1,False
3021,15399,1,3,815.77,5,3,3,533,Potential Loyalists,1,False
3022,15400,92,8,1302.3,3,4,4,344,Loyal Customers,1,False
3023,15401,452,2,216.95000000000002,1,2,1,121,Hibernating,0,True
3024,15402,149,6,1830.54,3,4,4,344,Loyal Customers,1,False
3025,15403,492,2,170.88,1,2,1,121,Hibernating,0,True
3026,15404,376,1,257.06,2,1,1,211,Hibernating,0,True
3027,15405,189,2,659.84,3,2,3,323,Potential Loyalists,1,True
3028,15406,31,4,975.87,4,3,3,433,Potential Loyalists,1,False
3029,15407,34,4,1046.74,4,3,3,433,Potential Loyalists,1,False
3030,15408,264,1,267.18,2,1,1,211,Hibernating,0,True
3031,15409,721,1,131.25,1,1,1,111,Hibernating,0,True
3032,15410,84,10,4685.72,3,5,5,355,Loyal Customers,1,False
3033,15411,26,4,1348.93,4,3,4,434,Potential Loyalists,1,False
3034,15412,171,1,190.53,3,1,1,311,Promising,1,False
3035,15413,692,5,6798.72,1,4,5,145,At Risk,0,True
3036,15414,10,3,774.9000000000001,5,3,3,533,Potential Loyalists,1,False
3037,15415,313,1,559.61,2,1,2,212,Hibernating,0,True
3038,15416,65,7,4572.82,3,4,5,345,Loyal Customers,1,False
3039,15417,85,1,508.8,3,1,2,312,Promising,1,False
3040,15418,425,2,449.42,1,2,2,122,At Risk,0,True
3041,15419,25,1,135.86,4,1,1,411,Recent Customers,1,False
3042,15420,434,6,743.0,1,4,3,143,At Risk,0,True
3043,15421,59,10,3805.34,4,5,5,455,Champions,1,False
3044,15422,323,7,1619.97,2,4,4,244,At Risk,0,True
3045,15423,38,3,266.89,4,3,1,431,Potential Loyalists,1,False
3046,15424,254,3,597.78,2,3,2,232,At Risk,1,True
3047,15425,400,4,1941.1200000000001,2,3,4,234,At Risk,0,True
3048,15426,19,9,2156.35,5,5,4,554,Champions,1,False
3049,15427,33,3,1430.54,4,3,4,434,Potential Loyalists,1,False
3050,15428,15,4,762.75,5,3,3,533,Potential Loyalists,1,False
3051,15429,27,2,397.35,4,2,2,422,Potential Loyalists,1,False
3052,15430,468,2,954.75,1,2,3,123,At Risk,0,True
3053,15431,503,1,153.24,1,1,1,111,Hibernating,0,True
3054,15432,23,2,320.76,4,2,2,422,Potential Loyalists,1,False
3055,15433,214,2,533.3,2,2,2,222,At Risk,1,True
3056,15434,8,11,2567.06,5,5,4,554,Champions,1,False
3057,15435,22,1,149.29,4,1,1,411,Recent Customers,1,False
3058,15436,12,3,1067.75,5,3,3,533,Potential Loyalists,1,False
3059,15437,262,2,393.45,2,2,2,222,At Risk,0,True
3060,15438,131,1,156.57999999999998,3,1,1,311,Promising,1,False
3061,15439,405,4,1269.05,2,3,4,234,At Risk,0,True
3062,15440,55,3,383.68,4,3,2,432,Potential Loyalists,1,False
3063,15441,396,3,1254.21,2,3,4,234,At Risk,0,True
3064,15442,249,1,594.0,2,1,2,212,Hibernating,1,True
3065,15443,2,14,5114.23,5,5,5,555,Champions,1,False
3066,15444,9,2,1411.21,5,2,4,524,Potential Loyalists,1,False
3067,15445,264,2,284.5,2,2,1,221,Hibernating,0,True
3068,15446,377,3,399.75,2,3,2,232,At Risk,0,True
3069,15447,331,5,492.88,2,4,2,242,At Risk,0,True
3070,15448,313,2,788.81,2,2,3,223,At Risk,0,True
3071,15449,26,3,974.52,4,3,3,433,Potential Loyalists,1,False
3072,15450,30,1,429.84,4,1,2,412,Recent Customers,1,False
3073,15451,434,2,226.86,1,2,1,121,Hibernating,0,True
3074,15452,30,6,1785.1100000000001,4,4,4,444,Champions,1,False
3075,15453,2,7,1371.77,5,4,4,544,Champions,1,False
3076,15454,362,2,305.99,2,2,2,222,At Risk,0,True
3077,15455,598,1,38.25,1,1,1,111,Hibernating,0,True
3078,15456,283,10,2091.52,2,5,4,254,At Risk,0,True
3079,15457,262,1,237.07,2,1,1,211,Hibernating,0,True
3080,15458,25,2,370.43999999999994,4,2,2,422,Potential Loyalists,1,False
3081,15459,417,2,202.82999999999998,1,2,1,121,Hibernating,0,True
3082,15460,354,1,214.26,2,1,1,211,Hibernating,0,True
3083,15461,461,2,429.7,1,2,2,122,At Risk,0,True
3084,15462,94,4,737.05,3,3,3,333,Potential Loyalists,1,False
3085,15463,29,1,126.14,4,1,1,411,Recent Customers,1,False
3086,15464,338,1,1044.65,2,1,3,213,Others,0,True
3087,15465,20,32,12100.4,4,5,5,455,Champions,1,False
3088,15466,85,4,1560.46,3,3,4,334,Potential Loyalists,1,False
3089,15467,9,3,524.88,5,3,2,532,Potential Loyalists,1,False
3090,15468,51,3,1430.48,4,3,4,434,Potential Loyalists,1,False
3091,15469,50,3,874.25,4,3,3,433,Potential Loyalists,1,False
3092,15470,576,1,63.419999999999995,1,1,1,111,Hibernating,0,True
3093,15471,2,3,1292.01,5,3,4,534,Potential Loyalists,1,False
3094,15472,113,1,371.56,3,1,2,312,Promising,1,False
3095,15473,14,8,2046.0,5,4,4,544,Champions,1,False
3096,15474,596,1,150.35,1,1,1,111,Hibernating,0,True
3097,15475,77,1,454.10999999999996,3,1,2,312,Promising,1,False
3098,15476,380,4,2209.98,2,3,4,234,At Risk,0,True
3099,15477,650,1,368.4,1,1,2,112,Hibernating,0,True
3100,15478,40,3,1983.48,4,3,4,434,Potential Loyalists,1,False
3101,15479,733,1,147.4,1,1,1,111,Hibernating,0,True
3102,15480,116,5,6279.0,3,4,5,345,Loyal Customers,1,False
3103,15481,401,1,1993.34,2,1,4,214,Others,0,True
3104,15482,16,19,14417.36,5,5,5,555,Champions,1,False
3105,15483,161,10,817.8199999999999,3,5,3,353,Loyal Customers,1,False
3106,15484,1,6,4652.1,5,4,5,545,Champions,1,False
3107,15485,30,7,4810.92,4,4,5,445,Champions,1,False
3108,15486,527,1,102.0,1,1,1,111,Hibernating,0,True
3109,15487,680,1,231.32,1,1,1,111,Hibernating,0,True
3110,15488,93,5,431.92,3,4,2,342,Loyal Customers,1,False
3111,15489,23,8,2419.61,4,4,4,444,Champions,1,False
3112,15490,430,1,210.85,1,1,1,111,Hibernating,0,True
3113,15491,95,6,3100.09,3,4,5,345,Loyal Customers,1,False
3114,15492,28,2,659.4599999999999,4,2,3,423,Potential Loyalists,1,False
3115,15493,33,9,4121.68,4,5,5,455,Champions,1,False
3116,15494,21,5,3702.6,4,4,5,445,Champions,1,False
3117,15495,379,1,246.5,2,1,1,211,Hibernating,0,True
3118,15496,631,1,146.14000000000001,1,1,1,111,Hibernating,0,True
3119,15497,18,9,8657.39,5,5,5,555,Champions,1,False
3120,15498,3,44,24972.86,5,5,5,555,Champions,1,False
3121,15499,724,1,158.65,1,1,1,111,Hibernating,0,True
3122,15500,8,4,1131.56,5,3,3,533,Potential Loyalists,1,False
3123,15501,405,2,399.95,2,2,2,222,At Risk,0,True
3124,15502,16,14,13003.869999999999,5,5,5,555,Champions,1,False
3125,15503,363,2,257.3,2,2,1,221,Hibernating,0,True
3126,15504,81,4,402.7,3,3,2,332,Potential Loyalists,1,False
3127,15505,53,5,3610.96,4,4,5,445,Champions,1,False
3128,15506,23,6,2030.33,4,4,4,444,Champions,1,False
3129,15507,172,1,475.86,3,1,2,312,Promising,1,False
3130,15508,189,6,1000.27,3,4,3,343,Loyal Customers,1,True
3131,15509,380,1,152.41,2,1,1,211,Hibernating,0,True
3132,15510,331,1,250.0,2,1,1,211,Hibernating,0,True
3133,15511,12,5,900.53,5,4,3,543,Loyal Customers,1,False
3134,15512,156,4,331.58,3,3,2,332,Potential Loyalists,1,False
3135,15513,33,35,26437.05,4,5,5,455,Champions,1,False
3136,15514,12,18,6392.06,5,5,5,555,Champions,1,False
3137,15515,387,1,171.81,2,1,1,211,Hibernating,0,True
3138,15516,45,3,62.43,4,3,1,431,Potential Loyalists,1,False
3139,15517,233,1,267.03,2,1,1,211,Hibernating,1,True
3140,15518,64,15,4189.99,3,5,5,355,Loyal Customers,1,False
3141,15519,383,2,344.61,2,2,2,222,At Risk,0,True
3142,15520,2,1,343.5,5,1,2,512,Recent Customers,1,False
3143,15521,40,16,7098.24,4,5,5,455,Champions,1,False
3144,15522,33,2,397.99,4,2,2,422,Potential Loyalists,1,False
3145,15523,84,16,17259.19,3,5,5,355,Loyal Customers,1,False
3146,15524,25,2,591.4,4,2,2,422,Potential Loyalists,1,False
3147,15525,2,4,890.22,5,3,3,533,Potential Loyalists,1,False
3148,15526,33,2,148.44,4,2,1,421,Potential Loyalists,1,False
3149,15527,19,23,5554.89,5,5,5,555,Champions,1,False
3150,15528,254,1,229.33,2,1,1,211,Hibernating,0,True
3151,15529,23,12,4783.66,4,5,5,455,Champions,1,False
3152,15530,22,5,1808.68,4,4,4,444,Champions,1,False
3153,15531,8,2,1972.39,5,2,4,524,Potential Loyalists,1,False
3154,15532,25,10,3738.85,4,5,5,455,Champions,1,False
3155,15533,19,3,807.57,5,3,3,533,Potential Loyalists,1,False
3156,15534,726,1,162.25,1,1,1,111,Hibernating,0,True
3157,15535,173,6,1044.3700000000001,3,4,3,343,Loyal Customers,1,False
3158,15536,409,1,259.09,2,1,1,211,Hibernating,0,True
3159,15537,163,1,110.92,3,1,1,311,Promising,1,False
3160,15538,538,6,3358.3999999999996,1,4,5,145,At Risk,0,True
3161,15539,7,1,538.46,5,1,2,512,Recent Customers,1,False
3162,15540,11,2,460.68,5,2,2,522,Potential Loyalists,1,False
3163,15541,114,1,85.13000000000001,3,1,1,311,Promising,1,False
3164,15542,512,3,855.71,1,3,3,133,At Risk,0,True
3165,15543,288,2,242.26,2,2,1,221,Hibernating,0,True
3166,15544,9,20,7807.89,5,5,5,555,Champions,1,False
3167,15545,54,2,288.96999999999997,4,2,2,422,Potential Loyalists,1,False
3168,15546,607,2,1079.1000000000001,1,2,3,123,At Risk,0,True
3169,15547,7,26,10057.05,5,5,5,555,Champions,1,False
3170,15548,596,1,158.09,1,1,1,111,Hibernating,0,True
3171,15549,77,8,2334.16,3,4,4,344,Loyal Customers,1,False
3172,15550,4,12,2211.05,5,5,4,554,Champions,1,False
3173,15551,37,7,1679.81,4,4,4,444,Champions,1,False
3174,15552,217,2,252.52,2,2,1,221,Hibernating,1,True
3175,15553,60,1,428.93,3,1,2,312,Promising,1,False
3176,15554,278,1,217.2,2,1,1,211,Hibernating,0,True
3177,15555,12,36,11243.91,5,5,5,555,Champions,1,False
3178,15556,24,1,279.77,4,1,1,411,Recent Customers,1,False
3179,15557,29,1,468.91,4,1,2,412,Recent Customers,1,False
3180,15558,639,1,202.68,1,1,1,111,Hibernating,0,True
3181,15559,568,1,1109.4,1,1,3,113,Others,0,True
3182,15560,398,2,153.52,2,2,1,221,Hibernating,0,True
3183,15561,12,8,1934.3899999999999,5,4,4,544,Champions,1,False
3184,15562,352,3,671.4300000000001,2,3,3,233,At Risk,0,True
3185,15563,22,7,2859.46,4,4,4,444,Champions,1,False
3186,15564,463,2,70.74000000000001,1,2,1,121,Hibernating,0,True
3187,15565,50,2,173.16,4,2,1,421,Potential Loyalists,1,False
3188,15566,393,2,227.87,2,2,1,221,Hibernating,0,True
3189,15567,19,1,186.01,5,1,1,511,Recent Customers,1,False
3190,15568,3,3,758.29,5,3,3,533,Potential Loyalists,1,False
3191,15569,104,10,3583.45,3,5,5,355,Loyal Customers,1,False
3192,15570,7,25,8736.49,5,5,5,555,Champions,1,False
3193,15571,12,14,3892.35,5,5,5,555,Champions,1,False
3194,15572,5,10,3965.2,5,5,5,555,Champions,1,False
3195,15573,32,5,1188.42,4,4,3,443,Loyal Customers,1,False
3196,15574,178,6,1101.44,3,4,3,343,Loyal Customers,1,False
3197,15575,620,1,30.1,1,1,1,111,Hibernating,0,True
3198,15576,38,1,921.37,4,1,3,413,Recent Customers,1,False
3199,15577,151,5,396.03000000000003,3,4,2,342,Loyal Customers,1,False
3200,15578,162,1,127.1,3,1,1,311,Promising,1,False
3201,15579,69,5,1250.63,3,4,4,344,Loyal Customers,1,False
3202,15580,377,8,1375.39,2,4,4,244,At Risk,0,True
3203,15581,121,38,7480.4,3,5,5,355,Loyal Customers,1,False
3204,15582,25,3,682.9100000000001,4,3,3,433,Potential Loyalists,1,False
3205,15583,376,1,95.96,2,1,1,211,Hibernating,0,True
3206,15584,24,6,1268.2,4,4,4,444,Champions,1,False
3207,15585,177,1,455.3,3,1,2,312,Promising,1,False
3208,15586,593,3,1139.1,1,3,3,133,At Risk,0,True
3209,15587,50,7,1522.0800000000002,4,4,4,444,Champions,1,False
3210,15588,678,1,579.6,1,1,2,112,Hibernating,0,True
3211,15589,256,3,478.53000000000003,2,3,2,232,At Risk,1,True
3212,15590,382,5,1496.6,2,4,4,244,At Risk,0,True
3213,15591,583,3,217.9,1,3,1,131,Others,0,True
3214,15592,47,1,388.58,4,1,2,412,Recent Customers,1,False
3215,15593,71,1,199.8,3,1,1,311,Promising,1,False
3216,15594,16,5,1771.78,5,4,4,544,Champions,1,False
3217,15595,488,1,357.6,1,1,2,112,Hibernating,0,True
3218,15596,101,9,2727.72,3,5,4,354,Loyal Customers,1,False
3219,15597,35,2,563.37,4,2,2,422,Potential Loyalists,1,False
3220,15598,53,2,548.02,4,2,2,422,Potential Loyalists,1,False
3221,15599,27,3,1250.06,4,3,4,434,Potential Loyalists,1,False
3222,15600,428,4,1199.31,1,3,3,133,At Risk,0,True
3223,15601,11,30,14191.74,5,5,5,555,Champions,1,False
3224,15602,8,16,3137.96,5,5,5,555,Champions,1,False
3225,15603,79,2,88.48,3,2,1,321,Potential Loyalists,1,False
3226,15604,52,1,216.39,4,1,1,411,Recent Customers,1,False
3227,15605,36,9,1741.95,4,5,4,454,Champions,1,False
3228,15606,61,17,5230.99,3,5,5,355,Loyal Customers,1,False
3229,15607,337,9,1708.97,2,5,4,254,At Risk,0,True
3230,15608,28,5,1785.98,4,4,4,444,Champions,1,False
3231,15609,184,1,298.48,3,1,2,312,Promising,1,True
3232,15610,52,1,112.46000000000001,4,1,1,411,Recent Customers,1,False
3233,15611,10,26,2997.28,5,5,5,555,Champions,1,False
3234,15612,36,2,195.15,4,2,1,421,Potential Loyalists,1,False
3235,15613,610,1,433.71999999999997,1,1,2,112,Hibernating,0,True
3236,15614,438,4,3147.36,1,3,5,135,At Risk,0,True
3237,15615,10,47,21373.97,5,5,5,555,Champions,1,False
3238,15616,438,1,317.11,1,1,2,112,Hibernating,0,True
3239,15617,396,3,828.5500000000001,2,3,3,233,At Risk,0,True
3240,15618,33,4,776.851,4,3,3,433,Potential Loyalists,1,False
3241,15619,11,1,336.40000000000003,5,1,2,512,Recent Customers,1,False
3242,15620,57,4,1942.36,4,3,4,434,Potential Loyalists,1,False
3243,15621,4,4,1293.03,5,3,4,534,Potential Loyalists,1,False
3244,15622,43,17,7852.61,4,5,5,455,Champions,1,False
3245,15623,141,8,2437.05,3,4,4,344,Loyal Customers,1,False
3246,15624,117,4,588.13,3,3,2,332,Potential Loyalists,1,False
3247,15625,104,9,3236.4,3,5,5,355,Loyal Customers,1,False
3248,15626,75,3,1067.52,3,3,3,333,Potential Loyalists,1,False
3249,15627,457,2,566.9,1,2,2,122,At Risk,0,True
3250,15628,5,17,5333.08,5,5,5,555,Champions,1,False
3251,15629,450,4,2240.9,1,3,4,134,At Risk,0,True
3252,15630,45,3,1481.4,4,3,4,434,Potential Loyalists,1,False
3253,15631,642,1,596.67,1,1,2,112,Hibernating,0,True
3254,15632,16,8,3285.31,5,4,5,545,Champions,1,False
3255,15633,509,13,4335.96,1,5,5,155,At Risk,0,True
3256,15634,17,2,554.65,5,2,2,522,Potential Loyalists,1,False
3257,15635,396,1,100.35,2,1,1,211,Hibernating,0,True
3258,15636,90,4,1444.58,3,3,4,334,Potential Loyalists,1,False
3259,15637,53,5,797.59,4,4,3,443,Loyal Customers,1,False
3260,15638,379,6,2265.2,2,4,4,244,At Risk,0,True
3261,15639,134,3,1065.08,3,3,3,333,Potential Loyalists,1,False
3262,15640,4,29,23494.31,5,5,5,555,Champions,1,False
3263,15641,105,12,5345.55,3,5,5,355,Loyal Customers,1,False
3264,15642,730,1,105.78000000000002,1,1,1,111,Hibernating,0,True
3265,15643,192,3,664.0,2,3,3,233,At Risk,1,True
3266,15644,166,4,803.54,3,3,3,333,Potential Loyalists,1,False
3267,15645,19,3,1055.17,5,3,3,533,Potential Loyalists,1,False
3268,15646,158,5,784.8100000000001,3,4,3,343,Loyal Customers,1,False
3269,15647,415,1,169.0,1,1,1,111,Hibernating,0,True
3270,15648,204,2,639.5,2,2,3,223,At Risk,1,True
3271,15649,336,4,1660.35,2,3,4,234,At Risk,0,True
3272,15650,522,2,553.88,1,2,2,122,At Risk,0,True
3273,15651,37,5,1259.06,4,4,4,444,Champions,1,False
3274,15652,91,5,1405.94,3,4,4,344,Loyal Customers,1,False
3275,15653,93,2,877.4399999999999,3,2,3,323,Potential Loyalists,1,False
3276,15654,9,2,922.53,5,2,3,523,Potential Loyalists,1,False
3277,15655,243,1,560.67,2,1,2,212,Hibernating,1,True
3278,15656,45,4,748.5,4,3,3,433,Potential Loyalists,1,False
3279,15657,23,1,30.0,4,1,1,411,Recent Customers,1,False
3280,15658,190,8,2117.27,2,4,4,244,At Risk,1,True
3281,15659,44,3,532.49,4,3,2,432,Potential Loyalists,1,False
3282,15660,25,15,2603.69,4,5,4,454,Champions,1,False
3283,15661,317,8,1215.95,2,4,3,243,At Risk,0,True
3284,15662,661,2,283.73,1,2,1,121,Hibernating,0,True
3285,15663,106,1,138.14,3,1,1,311,Promising,1,False
3286,15664,51,4,1254.03,4,3,4,434,Potential Loyalists,1,False
3287,15665,168,5,3987.07,3,4,5,345,Loyal Customers,1,False
3288,15666,472,2,632.9399999999999,1,2,3,123,At Risk,0,True
3289,15667,40,1,301.32,4,1,2,412,Recent Customers,1,False
3290,15668,218,1,76.32000000000001,2,1,1,211,Hibernating,1,True
3291,15669,40,4,684.34,4,3,3,433,Potential Loyalists,1,False
3292,15670,297,2,325.2,2,2,2,222,At Risk,0,True
3293,15671,19,7,2657.13,5,4,4,544,Champions,1,False
3294,15672,725,1,45.300000000000004,1,1,1,111,Hibernating,0,True
3295,15673,88,9,6204.32,3,5,5,355,Loyal Customers,1,False
3296,15674,73,13,6948.2300000000005,3,5,5,355,Loyal Customers,1,False
3297,15675,81,4,542.04,3,3,2,332,Potential Loyalists,1,False
3298,15676,19,3,3435.76,5,3,5,535,Potential Loyalists,1,False
3299,15677,49,3,1305.63,4,3,4,434,Potential Loyalists,1,False
3300,15678,53,3,1825.94,4,3,4,434,Potential Loyalists,1,False
3301,15679,24,4,781.28,4,3,3,433,Potential Loyalists,1,False
3302,15680,9,10,4028.69,5,5,5,555,Champions,1,False
3303,15681,25,14,2989.7,4,5,5,455,Champions,1,False
3304,15682,599,2,318.24,1,2,2,122,At Risk,0,True
3305,15683,117,2,524.54,3,2,2,322,Potential Loyalists,1,False
3306,15684,547,3,173.95,1,3,1,131,Others,0,True
3307,15685,450,1,55.980000000000004,1,1,1,111,Hibernating,0,True
3308,15686,420,1,90.0,1,1,1,111,Hibernating,0,True
3309,15687,9,9,2993.1,5,5,5,555,Champions,1,False
3310,15688,419,1,190.57,1,1,1,111,Hibernating,0,True
3311,15689,120,3,521.03,3,3,2,332,Potential Loyalists,1,False
3312,15690,4,2,239.76,5,2,1,521,Potential Loyalists,1,False
3313,15691,252,4,571.3,2,3,2,232,At Risk,1,True
3314,15692,28,1,191.04,4,1,1,411,Recent Customers,1,False
3315,15693,659,1,37.5,1,1,1,111,Hibernating,0,True
3316,15694,1,24,9978.48,5,5,5,555,Champions,1,False
3317,15695,267,4,1131.04,2,3,3,233,At Risk,0,True
3318,15696,33,13,3881.2200000000003,4,5,5,455,Champions,1,False
3319,15697,690,1,246.75,1,1,1,111,Hibernating,0,True
3320,15698,624,1,46.2,1,1,1,111,Hibernating,0,True
3321,15699,18,1,309.65,5,1,2,512,Recent Customers,1,False
3322,15700,172,2,696.68,3,2,3,323,Potential Loyalists,1,False
3323,15701,2,4,1529.0,5,3,4,534,Potential Loyalists,1,False
3324,15702,476,2,140.39000000000001,1,2,1,121,Hibernating,0,True
3325,15703,265,1,211.5,2,1,1,211,Hibernating,0,True
3326,15704,140,6,3734.6600000000003,3,4,5,345,Loyal Customers,1,False
3327,15705,201,1,143.1,2,1,1,211,Hibernating,1,True
3328,15706,64,4,1060.56,3,3,3,333,Potential Loyalists,1,False
3329,15707,35,4,916.98,4,3,3,433,Potential Loyalists,1,False
3330,15708,41,9,3887.15,4,5,5,455,Champions,1,False
3331,15709,284,2,327.85,2,2,2,222,At Risk,0,True
3332,15710,417,1,898.87,1,1,3,113,Others,0,True
3333,15711,557,2,420.25,1,2,2,122,At Risk,0,True
3334,15712,9,12,3472.4100000000003,5,5,5,555,Champions,1,False
3335,15713,143,4,839.64,3,3,3,333,Potential Loyalists,1,False
3336,15714,12,5,783.96,5,4,3,543,Loyal Customers,1,False
3337,15715,556,5,658.02,1,4,3,143,At Risk,0,True
3338,15716,146,11,2485.26,3,5,4,354,Loyal Customers,1,False
3339,15717,234,5,607.0,2,4,2,242,At Risk,1,True
3340,15718,540,1,293.79,1,1,2,112,Hibernating,0,True
3341,15719,33,31,10195.97,4,5,5,455,Champions,1,False
3342,15720,24,2,739.22,4,2,3,423,Potential Loyalists,1,False
3343,15721,12,1,471.40000000000003,5,1,2,512,Recent Customers,1,False
3344,15722,36,11,5234.0,4,5,5,455,Champions,1,False
3345,15723,365,4,930.7,2,3,3,233,At Risk,0,True
3346,15724,201,3,310.85,2,3,2,232,At Risk,1,True
3347,15725,15,1,415.25,5,1,2,512,Recent Customers,1,False
3348,15726,390,1,321.91,2,1,2,212,Hibernating,0,True
3349,15727,17,15,9371.71,5,5,5,555,Champions,1,False
3350,15728,380,2,544.6,2,2,2,222,At Risk,0,True
3351,15729,213,3,192.55,2,3,1,231,Others,1,True
3352,15730,66,5,1726.58,3,4,4,344,Loyal Customers,1,False
3353,15731,554,1,125.3,1,1,1,111,Hibernating,0,True
3354,15732,212,10,1543.97,2,5,4,254,At Risk,1,True
3355,15733,283,1,162.3,2,1,1,211,Hibernating,0,True
3356,15734,115,4,2263.3,3,3,4,334,Potential Loyalists,1,False
3357,15735,421,1,327.68,1,1,2,112,Hibernating,0,True
3358,15736,435,2,1767.12,1,2,4,124,At Risk,0,True
3359,15737,15,8,1188.1200000000001,5,4,3,543,Loyal Customers,1,False
3360,15738,19,41,13043.32,5,5,5,555,Champions,1,False
3361,15739,66,1,449.12,3,1,2,312,Promising,1,False
3362,15740,49,1,154.88,4,1,1,411,Recent Customers,1,False
3363,15741,458,2,208.62,1,2,1,121,Hibernating,0,True
3364,15742,619,1,156.87,1,1,1,111,Hibernating,0,True
3365,15743,16,4,775.96,5,3,3,533,Potential Loyalists,1,False
3366,15744,78,1,34.8,3,1,1,311,Promising,1,False
3367,15745,19,4,1094.59,5,3,3,533,Potential Loyalists,1,False
3368,15746,134,1,196.88,3,1,1,311,Promising,1,False
3369,15747,13,9,2499.81,5,5,4,554,Champions,1,False
3370,15748,40,3,609.8100000000001,4,3,3,433,Potential Loyalists,1,False
3371,15749,235,3,44534.3,2,3,5,235,At Risk,1,True
3372,15750,3,18,6452.991,5,5,5,555,Champions,1,False
3373,15751,461,11,1380.44,1,5,4,154,At Risk,0,True
3374,15752,40,9,3924.91,4,5,5,455,Champions,1,False
3375,15753,305,1,79.2,2,1,1,211,Hibernating,0,True
3376,15754,51,9,3037.61,4,5,5,455,Champions,1,False
3377,15755,10,17,5993.12,5,5,5,555,Champions,1,False
3378,15756,61,4,528.01,3,3,2,332,Potential Loyalists,1,False
3379,15757,66,6,2940.36,3,4,5,345,Loyal Customers,1,False
3380,15758,25,1,205.25,4,1,1,411,Recent Customers,1,False
3381,15759,218,7,830.9300000000001,2,4,3,243,At Risk,1,True
3382,15760,631,2,13916.34,1,2,5,125,At Risk,0,True
3383,15761,443,1,143.05,1,1,1,111,Hibernating,0,True
3384,15762,65,2,583.75,3,2,2,322,Potential Loyalists,1,False
3385,15763,32,2,1086.92,4,2,3,423,Potential Loyalists,1,False
3386,15764,88,8,4503.08,3,4,5,345,Loyal Customers,1,False
3387,15765,667,1,370.63,1,1,2,112,Hibernating,0,True
3388,15766,64,3,831.06,3,3,3,333,Potential Loyalists,1,False
3389,15768,116,34,15308.89,3,5,5,355,Loyal Customers,1,False
3390,15769,7,46,88612.52,5,5,5,555,Champions,2,False
3391,15770,613,1,321.45,1,1,2,112,Hibernating,0,True
3392,15771,604,3,1006.54,1,3,3,133,At Risk,0,True
3393,15772,418,1,280.88,1,1,1,111,Hibernating,0,True
3394,15773,6,2,774.52,5,2,3,523,Potential Loyalists,1,False
3395,15774,69,6,1288.34,3,4,4,344,Loyal Customers,1,False
3396,15775,245,2,150.5,2,2,1,221,Hibernating,1,True
3397,15776,133,1,241.62,3,1,1,311,Promising,1,False
3398,15777,241,7,1762.61,2,4,4,244,At Risk,1,True
3399,15778,431,1,307.95,1,1,2,112,Hibernating,0,True
3400,15779,463,2,124.08000000000001,1,2,1,121,Hibernating,0,True
3401,15780,184,3,475.28000000000003,3,3,2,332,Potential Loyalists,1,True
3402,15781,25,3,345.46,4,3,2,432,Potential Loyalists,1,False
3403,15782,10,4,4014.1,5,3,5,535,Potential Loyalists,1,False
3404,15783,11,1,246.3,5,1,1,511,Recent Customers,1,False
3405,15784,468,2,848.3299999999999,1,2,3,123,At Risk,0,True
3406,15785,33,16,5969.93,4,5,5,455,Champions,1,False
3407,15786,46,5,8501.62,4,4,5,445,Champions,1,False
3408,15787,26,3,933.26,4,3,3,433,Potential Loyalists,1,False
3409,15788,509,1,221.82999999999998,1,1,1,111,Hibernating,0,True
3410,15789,358,6,1962.01,2,4,4,244,At Risk,0,True
3411,15790,10,1,218.75,5,1,1,511,Recent Customers,1,False
3412,15791,44,5,3608.34,4,4,5,445,Champions,1,False
3413,15792,400,2,933.84,2,2,3,223,At Risk,0,True
3414,15793,15,8,2399.57,5,4,4,544,Champions,1,False
3415,15794,736,2,777.0,1,2,3,123,At Risk,0,True
3416,15795,150,8,1979.8700000000001,3,4,4,344,Loyal Customers,1,False
3417,15796,1,17,5171.63,5,5,5,555,Champions,1,False
3418,15797,113,6,2821.08,3,4,4,344,Loyal Customers,1,False
3419,15798,493,3,1535.37,1,3,4,134,At Risk,0,True
3420,15799,76,4,1421.34,3,3,4,334,Potential Loyalists,1,False
3421,15800,107,7,1227.07,3,4,4,344,Loyal Customers,1,False
3422,15801,46,3,1063.95,4,3,3,433,Potential Loyalists,1,False
3423,15802,143,1,451.42,3,1,2,312,Promising,1,False
3424,15803,51,4,1929.66,4,3,4,434,Potential Loyalists,1,False
3425,15804,1,13,4206.39,5,5,5,555,Champions,1,False
3426,15805,23,30,10148.93,4,5,5,455,Champions,1,False
3427,15806,46,3,784.58,4,3,3,433,Potential Loyalists,1,False
3428,15807,50,5,1817.52,4,4,4,444,Champions,1,False
3429,15808,306,21,17180.25,2,5,5,255,At Risk,1,True
3430,15809,36,7,1274.44,4,4,4,444,Champions,1,False
3431,15810,79,8,2999.04,3,4,5,345,Loyal Customers,1,False
3432,15811,22,7,3486.15,4,4,5,445,Champions,1,False
3433,15812,107,12,5201.47,3,5,5,355,Loyal Customers,1,False
3434,15813,208,2,1303.9099999999999,2,2,4,224,At Risk,1,True
3435,15814,17,6,2634.44,5,4,4,544,Champions,1,False
3436,15815,64,5,2100.6,3,4,4,344,Loyal Customers,1,False
3437,15816,542,2,144.14999999999998,1,2,1,121,Hibernating,0,True
3438,15817,421,3,2766.4,1,3,4,134,At Risk,0,True
3439,15818,588,1,340.5,1,1,2,112,Hibernating,0,True
3440,15819,49,10,3934.79,4,5,5,455,Champions,1,False
3441,15820,320,1,206.98,2,1,1,211,Hibernating,0,True
3442,15821,44,2,570.96,4,2,2,422,Potential Loyalists,1,False
3443,15822,3,6,1840.06,5,4,4,544,Champions,1,False
3444,15823,372,3,3882.17,2,3,5,235,At Risk,0,True
3445,15824,453,2,890.94,1,2,3,123,At Risk,0,True
3446,15825,172,1,532.94,3,1,2,312,Promising,1,False
3447,15826,56,4,2598.28,4,3,4,434,Potential Loyalists,1,False
3448,15827,73,28,3603.14,3,5,5,355,Loyal Customers,1,False
3449,15828,375,1,1108.82,2,1,3,213,Others,0,True
3450,15829,99,2,636.14,3,2,3,323,Potential Loyalists,1,False
3451,15830,38,1,576.0,4,1,2,412,Recent Customers,1,False
3452,15831,58,3,794.64,4,3,3,433,Potential Loyalists,1,False
3453,15832,254,1,836.79,2,1,3,213,Others,0,True
3454,15833,738,1,80.4,1,1,1,111,Hibernating,0,True
3455,15834,70,7,3764.39,3,4,5,345,Loyal Customers,1,False
3456,15835,44,4,954.09,4,3,3,433,Potential Loyalists,1,False
3457,15836,50,1,137.37,4,1,1,411,Recent Customers,1,False
3458,15837,65,2,777.01,3,2,3,323,Potential Loyalists,1,False
3459,15838,11,34,73205.5,5,5,5,555,Champions,1,False
3460,15839,33,3,1048.49,4,3,3,433,Potential Loyalists,1,False
3461,15840,59,2,355.56,4,2,2,422,Potential Loyalists,1,False
3462,15841,73,9,2742.41,3,5,4,354,Loyal Customers,1,False
3463,15842,393,2,548.8,2,2,2,222,At Risk,0,True
3464,15843,304,1,118.95000000000002,2,1,1,211,Hibernating,0,True
3465,15844,46,1,130.73999999999998,4,1,1,411,Recent Customers,1,False
3466,15845,18,11,4426.28,5,5,5,555,Champions,1,False
3467,15846,385,1,107.01,2,1,1,211,Hibernating,0,True
3468,15847,38,5,822.57,4,4,3,443,Loyal Customers,1,False
3469,15848,622,1,137.99,1,1,1,111,Hibernating,0,True
3470,15850,19,6,1006.75,5,4,3,543,Loyal Customers,1,False
3471,15851,527,1,109.73,1,1,1,111,Hibernating,0,True
3472,15852,187,3,257.26,3,3,1,331,Potential Loyalists,1,True
3473,15853,52,1,110.8,4,1,1,411,Recent Customers,1,False
3474,15854,4,21,5578.28,5,5,5,555,Champions,1,False
3475,15855,137,6,1052.72,3,4,3,343,Loyal Customers,1,False
3476,15856,4,52,32275.95,5,5,5,555,Champions,1,False
3477,15857,19,2,570.48,5,2,2,522,Potential Loyalists,1,False
3478,15858,16,13,3552.41,5,5,5,555,Champions,1,False
3479,15859,432,1,438.46,1,1,2,112,Hibernating,0,True
3480,15860,41,17,2361.3,4,5,4,454,Champions,1,False
3481,15861,12,12,4369.2,5,5,5,555,Champions,1,False
3482,15862,8,13,2512.29,5,5,4,554,Champions,1,False
3483,15863,26,5,355.1,4,4,2,442,Loyal Customers,1,False
3484,15864,22,7,2180.76,4,4,4,444,Champions,1,False
3485,15865,41,5,2241.42,4,4,4,444,Champions,1,False
3486,15866,101,1,211.89,3,1,1,311,Promising,1,False
3487,15867,5,31,8923.3,5,5,5,555,Champions,1,False
3488,15868,583,1,94.53,1,1,1,111,Hibernating,0,True
3489,15869,277,3,321.11,2,3,2,232,At Risk,0,True
3490,15870,33,4,857.46,4,3,3,433,Potential Loyalists,1,False
3491,15871,437,1,33.099999999999994,1,1,1,111,Hibernating,0,True
3492,15872,15,4,729.25,5,3,3,533,Potential Loyalists,1,False
3493,15873,500,4,313.91999999999996,1,3,2,132,At Risk,0,True
3494,15874,64,21,11284.76,3,5,5,355,Loyal Customers,1,False
3495,15875,646,1,108.52,1,1,1,111,Hibernating,0,True
3496,15876,409,2,1449.1399999999999,2,2,4,224,At Risk,0,True
3497,15877,2,2,490.33,5,2,2,522,Potential Loyalists,1,False
3498,15878,562,2,330.77,1,2,2,122,At Risk,0,True
3499,15879,404,4,1137.8,2,3,3,233,At Risk,0,True
3500,15880,369,1,329.03000000000003,2,1,2,212,Hibernating,0,True
3501,15881,312,5,501.39000000000004,2,4,2,242,At Risk,0,True
3502,15882,199,8,1124.66,2,4,3,243,At Risk,1,True
3503,15883,2,2,396.48,5,2,2,522,Potential Loyalists,1,False
3504,15884,432,2,244.60000000000002,1,2,1,121,Hibernating,0,True
3505,15885,93,15,1951.82,3,5,4,354,Loyal Customers,1,False
3506,15886,60,4,1052.8700000000001,3,3,3,333,Potential Loyalists,1,False
3507,15887,407,3,1027.15,2,3,3,233,At Risk,0,True
3508,15888,81,3,429.16,3,3,2,332,Potential Loyalists,1,False
3509,15889,157,8,1427.6,3,4,4,344,Loyal Customers,1,False
3510,15890,395,5,535.65,2,4,2,242,At Risk,0,True
3511,15891,227,1,511.68,2,1,2,212,Hibernating,1,True
3512,15892,669,1,128.2,1,1,1,111,Hibernating,0,True
3513,15893,482,1,305.28000000000003,1,1,2,112,Hibernating,0,True
3514,15894,253,2,258.25,2,2,1,221,Hibernating,0,True
3515,15895,150,1,179.17,3,1,1,311,Promising,1,False
3516,15897,194,2,208.59,2,2,1,221,Hibernating,1,True
3517,15898,1,25,4996.45,5,5,5,555,Champions,1,False
3518,15899,369,1,56.25,2,1,1,211,Hibernating,0,True
3519,15900,24,4,886.5699999999999,4,3,3,433,Potential Loyalists,1,False
3520,15901,17,7,687.72,5,4,3,543,Loyal Customers,1,False
3521,15902,380,1,145.01,2,1,1,211,Hibernating,0,True
3522,15903,10,12,8939.84,5,5,5,555,Champions,1,False
3523,15904,8,1,164.68,5,1,1,511,Recent Customers,1,False
3524,15905,543,1,114.69,1,1,1,111,Hibernating,0,True
3525,15906,20,10,2530.19,4,5,4,454,Champions,1,False
3526,15907,4,3,882.72,5,3,3,533,Potential Loyalists,1,False
3527,15908,491,2,758.62,1,2,3,123,At Risk,0,True
3528,15909,174,1,191.94,3,1,1,311,Promising,1,False
3529,15910,1,15,2661.17,5,5,4,554,Champions,1,False
3530,15911,624,8,1700.24,1,4,4,144,At Risk,0,True
3531,15912,178,9,1074.7,3,5,3,353,Loyal Customers,1,False
3532,15913,534,1,6.300000000000001,1,1,1,111,Hibernating,0,True
3533,15914,378,2,205.99,2,2,1,221,Hibernating,0,True
3534,15915,402,1,364.45,2,1,2,212,Hibernating,0,True
3535,15916,16,13,3145.2400000000002,5,5,5,555,Champions,1,False
3536,15917,248,5,530.17,2,4,2,242,At Risk,1,True
3537,15918,191,3,582.88,2,3,2,232,At Risk,1,True
3538,15919,20,2,525.69,4,2,2,422,Potential Loyalists,1,False
3539,15920,154,9,569.14,3,5,2,352,Loyal Customers,1,False
3540,15921,173,4,775.26,3,3,3,333,Potential Loyalists,1,False
3541,15922,373,1,369.5,2,1,2,212,Hibernating,0,True
3542,15923,373,1,127.08,2,1,1,211,Hibernating,0,True
3543,15924,731,1,102.82,1,1,1,111,Hibernating,0,True
3544,15925,194,1,207.15,2,1,1,211,Hibernating,1,True
3545,15926,542,1,134.44,1,1,1,111,Hibernating,0,True
3546,15927,647,1,106.54,1,1,1,111,Hibernating,0,True
3547,15928,656,1,293.53,1,1,2,112,Hibernating,0,True
3548,15929,644,1,594.0,1,1,2,112,Hibernating,0,True
3549,15930,67,1,426.63,3,1,2,312,Promising,1,False
3550,15931,428,1,239.9,1,1,1,111,Hibernating,0,True
3551,15932,4,8,2495.87,5,4,4,544,Champions,1,False
3552,15933,21,3,1107.46,4,3,3,433,Potential Loyalists,1,False
3553,15934,418,2,2190.66,1,2,4,124,At Risk,0,True
3554,15935,239,2,416.86,2,2,2,222,At Risk,1,True
3555,15936,379,2,282.79,2,2,1,221,Hibernating,0,True
3556,15937,64,1,145.35,3,1,1,311,Promising,1,False
3557,15938,112,9,734.81,3,5,3,353,Loyal Customers,1,False
3558,15939,90,16,9060.39,3,5,5,355,Loyal Customers,1,False
3559,15940,311,1,35.8,2,1,1,211,Hibernating,0,True
3560,15941,637,1,405.0,1,1,2,112,Hibernating,0,True
3561,15942,134,1,337.44,3,1,2,312,Promising,1,False
3562,15943,650,2,271.28999999999996,1,2,1,121,Hibernating,0,True
3563,15944,277,4,2164.24,2,3,4,234,At Risk,0,True
3564,15945,365,4,646.27,2,4,3,243,At Risk,0,True
3565,15946,503,3,2304.18,1,3,4,134,At Risk,0,True
3566,15947,83,1,1708.24,3,1,4,314,Promising,1,False
3567,15948,8,3,1509.0900000000001,5,3,4,534,Potential Loyalists,1,False
3568,15949,17,2,364.72,5,2,2,522,Potential Loyalists,1,False
3569,15950,32,10,7120.91,4,5,5,455,Champions,1,False
3570,15951,9,3,1013.17,5,3,3,533,Potential Loyalists,1,False
3571,15952,34,4,781.91,4,4,3,443,Loyal Customers,1,False
3572,15953,15,18,3440.3399999999997,5,5,5,555,Champions,1,False
3573,15954,589,1,190.75,1,1,1,111,Hibernating,0,True
3574,15955,24,22,8085.9800000000005,4,5,5,455,Champions,1,False
3575,15956,551,2,617.6,1,2,3,123,At Risk,0,True
3576,15957,32,3,921.25,4,3,3,433,Potential Loyalists,1,False
3577,15958,74,4,462.12,3,4,2,342,Loyal Customers,1,False
3578,15959,682,3,542.89,1,3,2,132,At Risk,0,True
3579,15960,374,4,410.95,2,4,2,242,At Risk,0,True
3580,15961,379,1,451.28999999999996,2,1,2,212,Hibernating,0,True
3581,15962,449,1,289.48,1,1,2,112,Hibernating,0,True
3582,15963,20,2,470.76,4,2,2,422,Potential Loyalists,1,False
3583,15964,663,1,269.21000000000004,1,1,1,111,Hibernating,0,True
3584,15965,17,13,2771.94,5,5,4,554,Champions,1,False
3585,15966,451,1,426.53000000000003,1,1,2,112,Hibernating,0,True
3586,15967,23,12,2966.0,4,5,5,455,Champions,1,False
3587,15968,388,1,404.55,2,1,2,212,Hibernating,0,True
3588,15969,3,5,1127.05,5,4,3,543,Loyal Customers,1,False
3589,15970,304,2,1017.32,2,2,3,223,At Risk,0,True
3590,15971,18,18,5902.83,5,5,5,555,Champions,1,False
3591,15972,456,5,1769.33,1,4,4,144,At Risk,0,True
3592,15973,367,3,680.62,2,3,3,233,At Risk,0,True
3593,15974,39,7,3442.15,4,4,5,445,Champions,1,False
3594,15975,84,1,371.01,3,1,2,312,Promising,1,False
3595,15976,165,6,1694.41,3,4,4,344,Loyal Customers,1,False
3596,15977,17,2,1054.73,5,2,3,523,Potential Loyalists,1,False
3597,15978,77,3,3279.42,3,3,5,335,Potential Loyalists,1,False
3598,15979,603,1,329.22,1,1,2,112,Hibernating,0,True
3599,15980,89,7,6543.68,3,4,5,345,Loyal Customers,1,False
3600,15981,25,21,9362.77,4,5,5,455,Champions,1,False
3601,15982,605,1,324.51,1,1,2,112,Hibernating,0,True
3602,15983,22,8,3110.37,4,4,5,445,Champions,1,False
3603,15984,3,30,8393.02,5,5,5,555,Champions,1,False
3604,15985,123,7,2715.28,3,4,4,344,Loyal Customers,1,False
3605,15986,30,2,354.42,4,2,2,422,Potential Loyalists,1,False
3606,15987,12,8,1535.99,5,4,4,544,Champions,1,False
3607,15988,19,3,738.89,5,3,3,533,Potential Loyalists,1,False
3608,15989,376,2,368.31,2,2,2,222,At Risk,0,True
3609,15990,44,7,1997.75,4,4,4,444,Champions,1,False
3610,15991,534,1,150.55,1,1,1,111,Hibernating,0,True
3611,15992,4,3,896.6,5,3,3,533,Potential Loyalists,1,False
3612,15993,9,7,2777.67,5,4,4,544,Champions,1,False
3613,15994,55,3,1175.68,4,3,3,433,Potential Loyalists,1,False
3614,15995,414,1,694.54,1,1,3,113,Others,0,True
3615,15996,88,7,1386.4,3,4,4,344,Loyal Customers,1,False
3616,15998,37,16,8274.14,4,5,5,455,Champions,1,False
3617,15999,736,1,20.4,1,1,1,111,Hibernating,0,True
3618,16000,3,3,12393.7,5,3,5,535,Potential Loyalists,1,False
3619,16001,381,1,583.39,2,1,2,212,Hibernating,0,True
3620,16002,625,1,169.21,1,1,1,111,Hibernating,0,True
3621,16003,30,10,5613.83,4,5,5,455,Champions,1,False
3622,16004,475,5,2146.39,1,4,4,144,At Risk,0,True
3623,16005,12,10,2365.4900000000002,5,5,4,554,Champions,1,False
3624,16006,211,2,332.82,2,2,2,222,At Risk,1,True
3625,16007,48,7,3053.06,4,4,5,445,Champions,1,False
3626,16008,24,15,5339.13,4,5,5,455,Champions,1,False
3627,16009,22,4,972.11,4,4,3,443,Loyal Customers,1,False
3628,16010,246,11,1694.86,2,5,4,254,At Risk,1,True
3629,16011,8,29,5601.01,5,5,5,555,Champions,1,False
3630,16012,35,5,2978.59,4,4,5,445,Champions,1,False
3631,16013,4,84,56078.44,5,5,5,555,Champions,2,False
3632,16014,38,5,1100.28,4,4,3,443,Loyal Customers,1,False
3633,16015,4,3,704.55,5,3,3,533,Potential Loyalists,1,False
3634,16016,3,11,2083.4,5,5,4,554,Champions,1,False
3635,16017,47,5,1545.58,4,4,4,444,Champions,1,False
3636,16018,39,4,698.13,4,4,3,443,Loyal Customers,1,False
3637,16019,47,27,17329.16,4,5,5,455,Champions,1,False
3638,16020,17,3,851.01,5,3,3,533,Potential Loyalists,1,False
3639,16021,395,2,487.03,2,2,2,222,At Risk,0,True
3640,16022,260,1,602.63,2,1,2,212,Hibernating,0,True
3641,16023,46,3,719.81,4,3,3,433,Potential Loyalists,1,False
3642,16024,12,3,483.99,5,3,2,532,Potential Loyalists,1,False
3643,16025,30,1,439.65999999999997,4,1,2,412,Recent Customers,1,False
3644,16026,43,1,236.09,4,1,1,411,Recent Customers,1,False
3645,16027,92,15,2048.36,3,5,4,354,Loyal Customers,1,False
3646,16028,596,1,82.2,1,1,1,111,Hibernating,0,True
3647,16029,39,107,117763.62,4,5,5,455,Champions,2,False
3648,16030,310,1,331.24,2,1,2,212,Hibernating,0,True
3649,16031,92,2,547.9,3,2,2,322,Potential Loyalists,1,False
3650,16032,456,6,1965.72,1,4,4,144,At Risk,0,True
3651,16033,6,27,10608.81,5,5,5,555,Champions,1,False
3652,16034,196,6,911.3199999999999,2,4,3,243,At Risk,1,True
3653,16035,560,1,217.73,1,1,1,111,Hibernating,0,True
3654,16036,87,4,2556.84,3,4,4,344,Loyal Customers,1,False
3655,16037,270,5,1509.34,2,4,4,244,At Risk,0,True
3656,16038,8,3,471.78000000000003,5,3,2,532,Potential Loyalists,1,False
3657,16039,424,2,456.4,1,2,2,122,At Risk,0,True
3658,16040,65,7,2416.9,3,4,4,344,Loyal Customers,1,False
3659,16041,31,3,3166.4,4,3,5,435,Potential Loyalists,1,False
3660,16042,22,8,2245.32,4,4,4,444,Champions,1,False
3661,16043,38,8,1856.5900000000001,4,4,4,444,Champions,1,False
3662,16044,435,1,340.84000000000003,1,1,2,112,Hibernating,0,True
3663,16045,120,8,3434.9300000000003,3,4,5,345,Loyal Customers,1,False
3664,16046,562,1,235.78,1,1,1,111,Hibernating,0,True
3665,16047,682,1,107.14,1,1,1,111,Hibernating,0,True
3666,16048,373,4,818.7900000000001,2,4,3,243,At Risk,0,True
3667,16049,40,6,1852.15,4,4,4,444,Champions,1,False
3668,16050,174,3,300.7,3,3,2,332,Potential Loyalists,1,False
3669,16051,682,1,188.44,1,1,1,111,Hibernating,0,True
3670,16052,54,1,362.06,4,1,2,412,Recent Customers,1,False
3671,16053,33,6,3634.84,4,4,5,445,Champions,1,False
3672,16054,145,4,2111.88,3,4,4,344,Loyal Customers,1,False
3673,16055,221,1,134.8,2,1,1,211,Hibernating,1,True
3674,16056,45,1,650.75,4,1,3,413,Recent Customers,1,False
3675,16057,16,10,3854.85,5,5,5,555,Champions,1,False
3676,16058,406,1,62.7,2,1,1,211,Hibernating,0,True
3677,16059,66,12,3053.57,3,5,5,355,Loyal Customers,1,False
3678,16060,401,3,541.95,2,3,2,232,At Risk,0,True
3679,16061,431,1,89.65,1,1,1,111,Hibernating,0,True
3680,16062,10,8,2863.45,5,5,4,554,Champions,1,False
3681,16063,260,1,335.32,2,1,2,212,Hibernating,0,True
3682,16064,725,1,109.31,1,1,1,111,Hibernating,0,True
3683,16065,365,8,1992.13,2,5,4,254,At Risk,0,True
3684,16066,17,5,1521.04,5,4,4,544,Champions,1,False
3685,16067,563,3,3269.11,1,3,5,135,At Risk,0,True
3686,16068,594,1,115.73,1,1,1,111,Hibernating,0,True
3687,16069,418,1,457.7,1,1,2,112,Hibernating,0,True
3688,16070,22,2,852.15,4,2,3,423,Potential Loyalists,1,False
3689,16071,45,4,1076.8,4,4,3,443,Loyal Customers,1,False
3690,16072,288,4,4180.09,2,4,5,245,At Risk,0,True
3691,16073,297,1,122.39999999999999,2,1,1,211,Hibernating,0,True
3692,16074,390,1,252.5,2,1,1,211,Hibernating,0,True
3693,16075,503,2,736.9300000000001,1,2,3,123,At Risk,0,True
3694,16076,3,10,2234.73,5,5,4,554,Champions,1,False
3695,16077,626,1,2300.4,1,1,4,114,Others,0,True
3696,16078,284,2,362.99,2,2,2,222,At Risk,0,True
3697,16079,17,3,1352.0,5,3,4,534,Potential Loyalists,1,False
3698,16080,82,4,602.5600000000001,3,4,2,342,Loyal Customers,1,False
3699,16081,56,8,4278.96,4,5,5,455,Champions,1,False
3700,16082,670,1,106.75,1,1,1,111,Hibernating,0,True
3701,16083,101,4,2351.42,3,4,4,344,Loyal Customers,1,False
3702,16084,299,1,436.18,2,1,2,212,Hibernating,0,True
3703,16085,23,12,2341.03,4,5,4,454,Champions,1,False
3704,16086,59,10,2687.73,4,5,4,454,Champions,1,False
3705,16087,389,5,1739.92,2,4,4,244,At Risk,0,True
3706,16088,576,2,1437.43,1,2,4,124,At Risk,0,True
3707,16089,386,2,263.49,2,2,1,221,Hibernating,0,True
3708,16090,624,1,180.56,1,1,1,111,Hibernating,0,True
3709,16091,155,2,315.06,3,2,2,322,Potential Loyalists,1,False
3710,16092,115,6,1587.94,3,4,4,344,Loyal Customers,1,False
3711,16093,107,1,17.0,3,1,1,311,Promising,1,False
3712,16094,12,11,3695.56,5,5,5,555,Champions,1,False
3713,16095,456,1,447.05,1,1,2,112,Hibernating,0,True
3714,16096,264,4,1584.97,2,4,4,244,At Risk,0,True
3715,16097,240,1,185.04999999999998,2,1,1,211,Hibernating,1,True
3716,16098,88,14,4010.7,3,5,5,355,Loyal Customers,1,False
3717,16099,50,7,1573.2,4,4,4,444,Champions,1,False
3718,16100,463,1,582.64,1,1,2,112,Hibernating,0,True
3719,16101,71,4,3229.16,3,4,5,345,Loyal Customers,1,False
3720,16102,42,3,1842.14,4,3,4,434,Potential Loyalists,1,False
3721,16103,7,22,6191.71,5,5,5,555,Champions,1,False
3722,16104,62,9,2774.46,3,5,4,354,Loyal Customers,1,False
3723,16105,249,5,2386.19,2,4,4,244,At Risk,1,True
3724,16106,66,1,108.38,3,1,1,311,Promising,1,False
3725,16107,18,7,3204.1600000000003,5,4,5,545,Champions,1,False
3726,16108,85,4,2235.92,3,4,4,344,Loyal Customers,1,False
3727,16109,219,3,939.48,2,3,3,233,At Risk,1,True
3728,16110,45,4,1781.59,4,4,4,444,Champions,1,False
3729,16111,428,1,549.33,1,1,2,112,Hibernating,0,True
3730,16112,143,4,195.73999999999998,3,4,1,341,Loyal Customers,1,False
3731,16113,183,1,161.38,3,1,1,311,Promising,1,True
3732,16114,171,1,135.75000000000003,3,1,1,311,Promising,1,False
3733,16115,10,12,2553.8,5,5,4,554,Champions,1,False
3734,16116,212,1,612.78,2,1,3,213,Others,1,True
3735,16117,190,3,654.4,2,3,3,233,At Risk,1,True
3736,16118,653,1,4376.25,1,1,5,115,Others,0,True
3737,16119,8,8,1720.81,5,5,4,554,Champions,1,False
3738,16120,59,6,2967.51,4,4,5,445,Champions,1,False
3739,16121,57,5,1450.04,4,4,4,444,Champions,1,False
3740,16122,73,6,895.62,3,4,3,343,Loyal Customers,1,False
3741,16123,52,1,307.78,4,1,2,412,Recent Customers,1,False
3742,16124,317,4,1772.49,2,4,4,244,At Risk,0,True
3743,16125,367,14,4292.35,2,5,5,255,At Risk,0,True
3744,16126,29,15,14644.6,4,5,5,455,Champions,1,False
3745,16127,39,2,801.31,4,2,3,423,Potential Loyalists,1,False
3746,16128,18,11,3801.05,5,5,5,555,Champions,1,False
3747,16129,407,3,1396.05,2,3,4,234,At Risk,0,True
3748,16130,422,4,987.48,1,4,3,143,At Risk,0,True
3749,16131,52,12,9957.42,4,5,5,455,Champions,1,False
3750,16132,544,2,664.1999999999999,1,2,3,123,At Risk,0,True
3751,16133,4,56,22992.260000000002,5,5,5,555,Champions,1,False
3752,16134,22,5,2145.34,4,4,4,444,Champions,1,False
3753,16135,263,2,819.45,2,2,3,223,At Risk,0,True
3754,16136,60,4,946.8,3,4,3,343,Loyal Customers,1,False
3755,16137,680,1,422.7,1,1,2,112,Hibernating,0,True
3756,16138,379,3,910.35,2,3,3,233,At Risk,0,True
3757,16139,19,5,1111.15,5,4,3,543,Loyal Customers,1,False
3758,16140,66,3,1433.46,3,3,4,334,Potential Loyalists,1,False
3759,16141,88,2,955.94,3,2,3,323,Potential Loyalists,1,False
3760,16142,250,1,535.34,2,1,2,212,Hibernating,0,True
3761,16143,3,12,4555.08,5,5,5,555,Champions,1,False
3762,16144,247,1,175.2,2,1,1,211,Hibernating,1,True
3763,16145,9,19,6805.4400000000005,5,5,5,555,Champions,1,False
3764,16146,157,4,946.38,3,4,3,343,Loyal Customers,1,False
3765,16147,134,5,2398.91,3,4,4,344,Loyal Customers,1,False
3766,16148,296,2,386.62,2,2,2,222,At Risk,0,True
3767,16149,5,3,422.22,5,3,2,532,Potential Loyalists,1,False
3768,16150,43,10,4002.17,4,5,5,455,Champions,1,False
3769,16152,269,1,1829.04,2,1,4,214,Others,0,True
3770,16153,50,11,5133.49,4,5,5,455,Champions,1,False
3771,16155,382,5,796.9,2,4,3,243,At Risk,0,True
3772,16156,9,20,6188.18,5,5,5,555,Champions,1,False
3773,16157,16,3,656.69,5,3,3,533,Potential Loyalists,1,False
3774,16158,522,9,628.32,1,5,3,153,At Risk,0,True
3775,16159,282,4,1232.79,2,4,4,244,At Risk,0,True
3776,16160,65,2,1025.44,3,2,3,323,Potential Loyalists,1,False
3777,16161,2,43,12580.06,5,5,5,555,Champions,1,False
3778,16162,252,1,37.4,2,1,1,211,Hibernating,0,True
3779,16163,232,6,2407.98,2,4,4,244,At Risk,1,True
3780,16164,17,3,822.48,5,3,3,533,Potential Loyalists,1,False
3781,16165,505,1,79.9,1,1,1,111,Hibernating,0,True
3782,16166,428,2,435.83,1,2,2,122,At Risk,0,True
3783,16167,414,5,1386.1200000000001,1,4,4,144,At Risk,0,True
3784,16168,11,66,10360.67,5,5,5,555,Champions,1,False
3785,16169,8,4,1822.97,5,4,4,544,Champions,1,False
3786,16170,51,20,6869.0,4,5,5,455,Champions,1,False
3787,16171,59,1,73.2,4,1,1,411,Recent Customers,1,False
3788,16172,95,8,1884.55,3,5,4,354,Loyal Customers,1,False
3789,16173,16,6,1418.32,5,4,4,544,Champions,1,False
3790,16174,126,7,2246.75,3,4,4,344,Loyal Customers,1,False
3791,16175,94,7,1836.44,3,4,4,344,Loyal Customers,1,False
3792,16176,421,4,2052.69,1,4,4,144,At Risk,0,True
3793,16177,50,8,2247.31,4,5,4,454,Champions,1,False
3794,16178,138,2,612.6,3,2,3,323,Potential Loyalists,1,False
3795,16179,61,1,215.83,3,1,1,311,Promising,1,False
3796,16180,100,13,16249.87,3,5,5,355,Loyal Customers,1,False
3797,16181,73,1,305.54,3,1,2,312,Promising,1,False
3798,16182,72,9,9971.65,3,5,5,355,Loyal Customers,1,False
3799,16183,67,4,1077.81,3,4,3,343,Loyal Customers,1,False
3800,16184,64,6,1158.79,3,4,3,343,Loyal Customers,1,False
3801,16185,17,3,644.72,5,3,3,533,Potential Loyalists,1,False
3802,16186,23,26,8718.43,4,5,5,455,Champions,1,False
3803,16187,32,15,6911.4400000000005,4,5,5,455,Champions,1,False
3804,16188,45,5,1087.66,4,4,3,443,Loyal Customers,1,False
3805,16189,16,2,215.48,5,2,1,521,Potential Loyalists,1,False
3806,16190,40,8,2723.55,4,5,4,454,Champions,1,False
3807,16191,3,24,15677.82,5,5,5,555,Champions,1,False
3808,16192,736,1,351.3,1,1,2,112,Hibernating,0,True
3809,16193,237,2,630.43,2,2,3,223,At Risk,1,True
3810,16194,375,1,308.59999999999997,2,1,2,212,Hibernating,0,True
3811,16195,723,1,323.25,1,1,2,112,Hibernating,0,True
3812,16196,489,1,93.3,1,1,1,111,Hibernating,0,True
3813,16197,469,9,2016.71,1,5,4,154,At Risk,0,True
3814,16198,75,2,1030.0410000000002,3,2,3,323,Potential Loyalists,1,False
3815,16199,392,7,942.75,2,4,3,243,At Risk,0,True
3816,16200,4,12,5608.1,5,5,5,555,Champions,1,False
3817,16201,3,5,2112.12,5,4,4,544,Champions,1,False
3818,16202,361,9,2501.9900000000002,2,5,4,254,At Risk,0,True
3819,16203,59,6,943.84,4,4,3,443,Loyal Customers,1,False
3820,16204,23,3,918.71,4,3,3,433,Potential Loyalists,1,False
3821,16205,31,7,1820.1100000000001,4,4,4,444,Champions,1,False
3822,16206,55,13,2589.87,4,5,4,454,Champions,1,False
3823,16207,25,1,394.38,4,1,2,412,Recent Customers,1,False
3824,16208,45,10,3440.45,4,5,5,455,Champions,1,False
3825,16209,89,9,4146.78,3,5,5,355,Loyal Customers,1,False
3826,16210,2,35,33750.97,5,5,5,555,Champions,1,False
3827,16211,89,3,1090.59,3,3,3,333,Potential Loyalists,1,False
3828,16212,19,4,1293.71,5,4,4,544,Champions,1,False
3829,16213,79,1,159.0,3,1,1,311,Promising,1,False
3830,16214,171,4,2038.25,3,4,4,344,Loyal Customers,1,False
3831,16215,81,1,242.35,3,1,1,311,Promising,1,False
3832,16216,267,1,914.9300000000001,2,1,3,213,Others,0,True
3833,16217,235,2,304.25,2,2,2,222,At Risk,1,True
3834,16218,30,13,3968.67,4,5,5,455,Champions,1,False
3835,16219,501,1,40.8,1,1,1,111,Hibernating,0,True
3836,16221,37,9,2019.92,4,5,4,454,Champions,1,False
3837,16222,318,2,1272.05,2,2,4,224,At Risk,0,True
3838,16223,375,2,1087.05,2,2,3,223,At Risk,0,True
3839,16224,57,5,1616.54,4,4,4,444,Champions,1,False
3840,16225,45,15,2859.31,4,5,4,454,Champions,1,False
3841,16226,203,5,672.1700000000001,2,4,3,243,At Risk,1,True
3842,16227,225,3,1027.22,2,3,3,233,At Risk,1,True
3843,16228,385,3,885.71,2,3,3,233,At Risk,0,True
3844,16229,87,6,2867.86,3,4,4,344,Loyal Customers,1,False
3845,16230,190,2,542.03,2,2,2,222,At Risk,1,True
3846,16231,379,4,1074.47,2,4,3,243,At Risk,0,True
3847,16232,44,7,2712.97,4,4,4,444,Champions,1,False
3848,16233,71,9,1818.31,3,5,4,354,Loyal Customers,1,False
3849,16234,476,3,333.18,1,3,2,132,At Risk,0,True
3850,16235,41,9,2053.71,4,5,4,454,Champions,1,False
3851,16236,78,1,432.2,3,1,2,312,Promising,1,False
3852,16237,437,1,136.65,1,1,1,111,Hibernating,0,True
3853,16238,423,1,63.66,1,1,1,111,Hibernating,0,True
3854,16239,57,6,1492.2,4,4,4,444,Champions,1,False
3855,16240,24,2,3718.8,4,2,5,425,Potential Loyalists,1,False
3856,16241,10,16,3992.86,5,5,5,555,Champions,1,False
3857,16242,8,14,7404.65,5,5,5,555,Champions,1,False
3858,16243,34,2,409.1,4,2,2,422,Potential Loyalists,1,False
3859,16244,212,2,1522.75,2,2,4,224,At Risk,1,True
3860,16245,24,3,1413.66,4,3,4,434,Potential Loyalists,1,False
3861,16246,460,2,821.35,1,2,3,123,At Risk,0,True
3862,16247,170,1,114.56,3,1,1,311,Promising,1,False
3863,16248,62,1,152.94,3,1,1,311,Promising,1,False
3864,16249,53,5,1800.07,4,4,4,444,Champions,1,False
3865,16250,261,3,565.24,2,3,2,232,At Risk,0,True
3866,16251,512,1,128.31,1,1,1,111,Hibernating,0,True
3867,16252,383,1,295.09000000000003,2,1,2,212,Hibernating,0,True
3868,16253,67,7,7272.2,3,4,5,345,Loyal Customers,1,False
3869,16254,378,3,967.44,2,3,3,233,At Risk,0,True
3870,16255,17,15,4530.0,5,5,5,555,Champions,1,False
3871,16256,267,3,1629.37,2,3,4,234,At Risk,0,True
3872,16257,177,1,46.95,3,1,1,311,Promising,1,False
3873,16258,45,15,11942.52,4,5,5,455,Champions,1,False
3874,16259,410,3,340.94,2,3,2,232,At Risk,0,True
3875,16260,51,1,1035.45,4,1,3,413,Recent Customers,1,False
3876,16261,17,6,1041.16,5,4,3,543,Loyal Customers,1,False
3877,16262,378,1,755.15,2,1,3,213,Others,0,True
3878,16263,423,1,348.16,1,1,2,112,Hibernating,0,True
3879,16264,438,2,823.53,1,2,3,123,At Risk,0,True
3880,16265,9,12,6935.17,5,5,5,555,Champions,1,False
3881,16266,74,14,1757.95,3,5,4,354,Loyal Customers,1,False
3882,16267,591,1,186.66,1,1,1,111,Hibernating,0,True
3883,16268,71,2,667.65,3,2,3,323,Potential Loyalists,1,False
3884,16269,438,1,717.57,1,1,3,113,Others,0,True
3885,16270,353,1,1141.24,2,1,3,213,Others,0,True
3886,16271,3,10,3397.82,5,5,5,555,Champions,1,False
3887,16272,117,1,411.7,3,1,2,312,Promising,1,False
3888,16273,648,2,318.34000000000003,1,2,2,122,At Risk,0,True
3889,16274,373,1,351.75,2,1,2,212,Hibernating,0,True
3890,16275,197,3,2151.11,2,3,4,234,At Risk,1,True
3891,16276,177,3,2629.3900000000003,3,3,4,334,Potential Loyalists,1,False
3892,16277,734,1,188.69,1,1,1,111,Hibernating,0,True
3893,16278,100,3,1117.84,3,3,3,333,Potential Loyalists,1,False
3894,16279,21,9,5698.28,4,5,5,455,Champions,1,False
3895,16280,725,1,238.05,1,1,1,111,Hibernating,0,True
3896,16281,72,3,3424.02,3,3,5,335,Potential Loyalists,1,False
3897,16282,340,3,1307.58,2,3,4,234,At Risk,0,True
3898,16283,6,8,4350.32,5,5,5,555,Champions,1,False
3899,16284,31,3,1018.48,4,3,3,433,Potential Loyalists,1,False
3900,16285,646,1,176.9,1,1,1,111,Hibernating,0,True
3901,16286,477,2,328.95,1,2,2,122,At Risk,0,True
3902,16287,170,5,1006.98,3,4,3,343,Loyal Customers,1,False
3903,16288,470,1,129.85,1,1,1,111,Hibernating,0,True
3904,16289,462,1,136.31,1,1,1,111,Hibernating,0,True
3905,16290,465,4,1957.7,1,4,4,144,At Risk,0,True
3906,16291,682,1,117.72,1,1,1,111,Hibernating,0,True
3907,16292,122,5,1253.76,3,4,4,344,Loyal Customers,1,False
3908,16293,22,15,4279.2,4,5,5,455,Champions,1,False
3909,16294,477,1,126.05000000000001,1,1,1,111,Hibernating,0,True
3910,16295,10,4,1328.55,5,4,4,544,Champions,1,False
3911,16296,626,4,1313.67,1,4,4,144,At Risk,0,True
3912,16297,269,1,301.9,2,1,2,212,Hibernating,0,True
3913,16298,23,7,1085.7,4,4,3,443,Loyal Customers,1,False
3914,16299,477,1,193.65,1,1,1,111,Hibernating,0,True
3915,16300,430,3,1367.32,1,3,4,134,At Risk,0,True
3916,16301,737,1,107.33,1,1,1,111,Hibernating,0,True
3917,16302,127,1,233.22,3,1,1,311,Promising,1,False
3918,16303,26,7,7928.27,4,4,5,445,Champions,1,False
3919,16304,695,1,381.66,1,1,2,112,Hibernating,0,True
3920,16305,139,1,361.21999999999997,3,1,2,312,Promising,1,False
3921,16306,214,7,1124.72,2,4,3,243,At Risk,1,True
3922,16307,429,3,1194.92,1,3,3,133,At Risk,0,True
3923,16308,38,7,5120.0,4,4,5,445,Champions,1,False
3924,16309,106,2,706.57,3,2,3,323,Potential Loyalists,1,False
3925,16310,414,2,460.08,1,2,2,122,At Risk,0,True
3926,16311,18,2,616.26,5,2,3,523,Potential Loyalists,1,False
3927,16312,432,1,171.15,1,1,1,111,Hibernating,0,True
3928,16313,3,2,274.15000000000003,5,2,1,521,Potential Loyalists,1,False
3929,16314,390,3,1491.4,2,3,4,234,At Risk,0,True
3930,16315,331,2,402.71,2,2,2,222,At Risk,0,True
3931,16316,64,13,5744.91,3,5,5,355,Loyal Customers,1,False
3932,16317,120,5,2192.51,3,4,4,344,Loyal Customers,1,False
3933,16318,35,1,328.15,4,1,2,412,Recent Customers,1,False
3934,16319,218,1,404.40000000000003,2,1,2,212,Hibernating,1,True
3935,16320,172,6,5628.99,3,4,5,345,Loyal Customers,1,False
3936,16321,72,7,604.5500000000001,3,4,2,342,Loyal Customers,1,False
3937,16322,1,2,326.75,5,2,2,522,Potential Loyalists,1,False
3938,16323,196,2,353.66,2,2,2,222,At Risk,1,True
3939,16324,128,3,408.59000000000003,3,3,2,332,Potential Loyalists,1,False
3940,16325,47,12,3597.5,4,5,5,455,Champions,1,False
3941,16326,6,24,4721.25,5,5,5,555,Champions,1,False
3942,16327,14,16,10159.64,5,5,5,555,Champions,1,False
3943,16328,563,1,310.83,1,1,2,112,Hibernating,0,True
3944,16329,428,4,1664.92,1,4,4,144,At Risk,0,True
3945,16330,18,7,625.38,5,4,3,543,Loyal Customers,1,False
3946,16331,432,6,2037.7,1,4,4,144,At Risk,0,True
3947,16332,28,11,2000.01,4,5,4,454,Champions,1,False
3948,16333,8,22,26626.8,5,5,5,555,Champions,1,False
3949,16334,492,1,263.73,1,1,1,111,Hibernating,0,True
3950,16335,552,7,2753.52,1,4,4,144,At Risk,0,True
3951,16336,421,4,3517.69,1,4,5,145,At Risk,0,True
3952,16337,37,1,151.05,4,1,1,411,Recent Customers,1,False
3953,16338,157,1,214.79999999999998,3,1,1,311,Promising,1,False
3954,16339,284,1,94.05,2,1,1,211,Hibernating,0,True
3955,16340,107,3,1496.24,3,3,4,334,Potential Loyalists,1,False
3956,16341,25,7,3850.79,4,4,5,445,Champions,1,False
3957,16342,75,4,322.41,3,4,2,342,Loyal Customers,1,False
3958,16343,16,3,614.12,5,3,3,533,Potential Loyalists,1,False
3959,16344,158,4,842.42,3,4,3,343,Loyal Customers,1,False
3960,16345,44,2,1178.79,4,2,3,423,Potential Loyalists,1,False
3961,16346,385,1,224.51,2,1,1,211,Hibernating,0,True
3962,16347,11,11,3442.96,5,5,5,555,Champions,1,False
3963,16348,32,8,1744.42,4,5,4,454,Champions,1,False
3964,16349,291,1,53.5,2,1,1,211,Hibernating,0,True
3965,16350,21,9,2253.89,4,5,4,454,Champions,1,False
3966,16351,333,13,3330.0299999999997,2,5,5,255,At Risk,0,True
3967,16352,18,2,494.44,5,2,2,522,Potential Loyalists,1,False
3968,16353,4,38,9795.460000000001,5,5,5,555,Champions,1,False
3969,16354,63,5,1119.46,3,4,3,343,Loyal Customers,1,False
3970,16355,375,1,416.35,2,1,2,212,Hibernating,0,True
3971,16356,198,6,415.87,2,4,2,242,At Risk,1,True
3972,16357,33,4,868.37,4,4,3,443,Loyal Customers,1,False
3973,16358,1,5,2919.65,5,4,5,545,Champions,1,False
3974,16359,7,16,2697.75,5,5,4,554,Champions,1,False
3975,16360,5,6,3450.41,5,4,5,545,Champions,1,False
3976,16361,10,4,891.21,5,4,3,543,Loyal Customers,1,False
3977,16362,32,6,922.16,4,4,3,443,Loyal Customers,1,False
3978,16363,53,1,109.36000000000001,4,1,1,411,Recent Customers,1,False
3979,16364,12,2,705.79,5,2,3,523,Potential Loyalists,1,False
3980,16365,18,15,3167.34,5,5,5,555,Champions,1,False
3981,16366,19,4,1548.1299999999999,5,4,4,544,Champions,1,False
3982,16367,37,3,1350.48,4,3,4,434,Potential Loyalists,1,False
3983,16368,2,3,621.44,5,3,3,533,Potential Loyalists,1,False
3984,16369,18,7,2656.56,5,4,4,544,Champions,1,False
3985,16370,82,4,1301.91,3,4,4,344,Loyal Customers,1,False
3986,16371,449,1,157.2,1,1,1,111,Hibernating,0,True
3987,16372,33,5,1290.31,4,4,4,444,Champions,1,False
3988,16373,382,2,309.49,2,2,2,222,At Risk,0,True
3989,16374,66,5,1723.4,3,4,4,344,Loyal Customers,1,False
3990,16375,470,2,104.0,1,2,1,121,Hibernating,0,True
3991,16376,9,2,974.96,5,2,3,523,Potential Loyalists,1,False
3992,16377,267,2,1308.48,2,2,4,224,At Risk,0,True
3993,16378,247,3,362.95,2,3,2,232,At Risk,1,True
3994,16379,4,4,2157.4,5,4,4,544,Champions,1,False
3995,16380,61,1,1743.1499999999999,3,1,4,314,Promising,1,False
3996,16381,396,2,247.85,2,2,1,221,Hibernating,0,True
3997,16382,408,2,353.1,2,2,2,222,At Risk,0,True
3998,16383,75,7,2896.69,3,4,4,344,Loyal Customers,1,False
3999,16384,90,4,1358.95,3,4,4,344,Loyal Customers,1,False
4000,16385,60,5,881.35,3,4,3,343,Loyal Customers,1,False
4001,16386,29,3,1068.16,4,3,3,433,Potential Loyalists,1,False
4002,16387,323,5,882.46,2,4,3,243,At Risk,0,True
4003,16388,654,1,186.05,1,1,1,111,Hibernating,0,True
4004,16389,53,4,1382.07,4,4,4,444,Champions,1,False
4005,16390,537,3,467.5,1,3,2,132,At Risk,0,True
4006,16391,401,4,1052.26,2,4,3,243,At Risk,0,True
4007,16392,270,3,756.7,2,3,3,233,At Risk,0,True
4008,16393,2,23,5297.77,5,5,5,555,Champions,1,False
4009,16394,57,5,1555.34,4,4,4,444,Champions,1,False
4010,16395,61,14,3518.41,3,5,5,355,Loyal Customers,1,False
4011,16396,476,1,137.8,1,1,1,111,Hibernating,0,True
4012,16397,628,1,123.13,1,1,1,111,Hibernating,0,True
4013,16398,154,2,1705.8,3,2,4,324,Potential Loyalists,1,False
4014,16399,19,3,630.22,5,3,3,533,Potential Loyalists,1,False
4015,16400,95,9,3059.85,3,5,5,355,Loyal Customers,1,False
4016,16401,1,23,6849.15,5,5,5,555,Champions,1,False
4017,16402,265,2,293.45,2,2,2,222,At Risk,0,True
4018,16403,312,1,177.5,2,1,1,211,Hibernating,0,True
4019,16404,70,1,443.05,3,1,2,312,Promising,1,False
4020,16405,302,2,167.25,2,2,1,221,Hibernating,0,True
4021,16406,19,3,528.36,5,3,2,532,Potential Loyalists,1,False
4022,16407,13,14,2761.65,5,5,4,554,Champions,1,False
4023,16408,591,1,231.93,1,1,1,111,Hibernating,0,True
4024,16409,36,12,5652.74,4,5,5,455,Champions,1,False
4025,16410,734,1,130.32,1,1,1,111,Hibernating,0,True
4026,16411,19,4,756.39,5,4,3,543,Loyal Customers,1,False
4027,16412,54,5,593.19,4,4,2,442,Loyal Customers,1,False
4028,16413,57,2,522.03,4,2,2,422,Potential Loyalists,1,False
4029,16414,22,5,551.21,4,4,2,442,Loyal Customers,1,False
4030,16415,44,3,696.76,4,3,3,433,Potential Loyalists,1,False
4031,16416,27,9,2957.88,4,5,5,455,Champions,1,False
4032,16417,493,1,35.7,1,1,1,111,Hibernating,0,True
4033,16418,45,5,1028.74,4,4,3,443,Loyal Customers,1,False
4034,16419,113,8,1463.7,3,5,4,354,Loyal Customers,1,False
4035,16420,396,1,75.0,2,1,1,211,Hibernating,0,True
4036,16421,376,3,526.27,2,3,2,232,At Risk,0,True
4037,16422,17,109,61920.87,5,5,5,555,Champions,2,False
4038,16423,25,1,346.12,4,1,2,412,Recent Customers,1,False
4039,16424,191,2,443.06,2,2,2,222,At Risk,1,True
4040,16425,302,1,302.7,2,1,2,212,Hibernating,0,True
4041,16426,2,10,1863.76,5,5,4,554,Champions,1,False
4042,16427,263,2,241.06,2,2,1,221,Hibernating,0,True
4043,16428,414,3,638.49,1,3,3,133,At Risk,0,True
4044,16429,106,1,284.55,3,1,1,311,Promising,1,False
4045,16430,57,7,1117.94,4,4,3,443,Loyal Customers,1,False
4046,16431,213,3,623.28,2,3,3,233,At Risk,1,True
4047,16432,64,1,287.4,3,1,2,312,Promising,1,False
4048,16433,28,2,384.52,4,2,2,422,Potential Loyalists,1,False
4049,16434,29,12,2673.69,4,5,4,454,Champions,1,False
4050,16435,512,3,1003.0699999999999,1,3,3,133,At Risk,0,True
4051,16436,668,3,319.14,1,3,2,132,At Risk,0,True
4052,16437,381,2,301.25,2,2,2,222,At Risk,0,True
4053,16438,6,5,798.35,5,4,3,543,Loyal Customers,1,False
4054,16439,722,1,310.70000000000005,1,1,2,112,Hibernating,0,True
4055,16440,8,6,3856.9700000000003,5,4,5,545,Champions,1,False
4056,16441,67,5,1019.13,3,4,3,343,Loyal Customers,1,False
4057,16442,2,5,891.98,5,4,3,543,Loyal Customers,1,False
4058,16443,521,1,162.24,1,1,1,111,Hibernating,0,True
4059,16444,46,17,3625.88,4,5,5,455,Champions,1,False
4060,16445,34,4,583.16,4,4,2,442,Loyal Customers,1,False
4061,16446,1,2,168472.5,5,2,5,525,Potential Loyalists,2,False
4062,16447,136,3,727.1,3,3,3,333,Potential Loyalists,1,False
4063,16448,198,2,361.12,2,2,2,222,At Risk,1,True
4064,16449,198,2,707.69,2,2,3,223,At Risk,1,True
4065,16450,150,3,1505.73,3,3,4,334,Potential Loyalists,1,False
4066,16451,88,3,1013.15,3,3,3,333,Potential Loyalists,1,False
4067,16452,631,2,332.17,1,2,2,122,At Risk,0,True
4068,16453,531,2,251.71,1,2,1,121,Hibernating,0,True
4069,16454,45,4,30.950000000000003,4,4,1,441,Loyal Customers,1,False
4070,16455,64,11,3995.57,3,5,5,355,Loyal Customers,1,False
4071,16456,99,13,6000.94,3,5,5,355,Loyal Customers,1,False
4072,16457,218,1,208.36,2,1,1,211,Hibernating,1,True
4073,16458,3,30,5690.89,5,5,5,555,Champions,1,False
4074,16459,730,1,71.78999999999999,1,1,1,111,Hibernating,0,True
4075,16460,28,3,811.23,4,3,3,433,Potential Loyalists,1,False
4076,16461,178,3,1545.83,3,3,4,334,Potential Loyalists,1,False
4077,16462,74,3,136.0,3,3,1,331,Potential Loyalists,1,False
4078,16463,21,4,1422.4,4,4,4,444,Champions,1,False
4079,16464,20,3,1298.66,4,3,4,434,Potential Loyalists,1,False
4080,16465,421,2,746.24,1,2,3,123,At Risk,0,True
4081,16466,34,15,3767.09,4,5,5,455,Champions,1,False
4082,16467,509,7,2869.16,1,4,4,144,At Risk,0,True
4083,16468,74,3,787.52,3,3,3,333,Potential Loyalists,1,False
4084,16469,24,5,803.9,4,4,3,443,Loyal Customers,1,False
4085,16470,52,11,2416.85,4,5,4,454,Champions,1,False
4086,16471,275,4,1189.98,2,4,3,243,At Risk,0,True
4087,16472,434,2,789.6,1,2,3,123,At Risk,0,True
4088,16473,165,4,470.83,3,4,2,342,Loyal Customers,1,False
4089,16474,7,7,1810.65,5,4,4,544,Champions,1,False
4090,16475,88,4,544.3,3,4,2,342,Loyal Customers,1,False
4091,16476,432,1,350.35,1,1,2,112,Hibernating,0,True
4092,16477,64,11,4094.37,3,5,5,355,Loyal Customers,1,False
4093,16478,25,3,331.0,4,3,2,432,Potential Loyalists,1,False
4094,16479,10,2,300.83,5,2,2,522,Potential Loyalists,1,False
4095,16480,76,1,769.29,3,1,3,313,Promising,1,False
4096,16481,682,1,453.38,1,1,2,112,Hibernating,0,True
4097,16482,16,1,220.62,5,1,1,511,Recent Customers,1,False
4098,16483,192,1,139.35,2,1,1,211,Hibernating,1,True
4099,16484,174,2,404.3,3,2,2,322,Potential Loyalists,1,False
4100,16485,77,5,2287.19,3,4,4,344,Loyal Customers,1,False
4101,16486,538,1,134.36,1,1,1,111,Hibernating,0,True
4102,16487,577,2,209.4,1,2,1,121,Hibernating,0,True
4103,16488,33,3,498.8,4,3,2,432,Potential Loyalists,1,False
4104,16489,380,2,303.7,2,2,2,222,At Risk,0,True
4105,16490,436,1,205.41000000000003,1,1,1,111,Hibernating,0,True
4106,16491,47,2,1533.16,4,2,4,424,Potential Loyalists,1,False
4107,16492,541,1,385.56,1,1,2,112,Hibernating,0,True
4108,16493,80,7,2132.09,3,4,4,344,Loyal Customers,1,False
4109,16494,297,1,826.53,2,1,3,213,Others,0,True
4110,16495,3,3,648.26,5,3,3,533,Potential Loyalists,1,False
4111,16496,9,6,2330.77,5,4,4,544,Champions,1,False
4112,16497,50,23,6695.28,4,5,5,455,Champions,1,False
4113,16498,161,2,100.97,3,2,1,321,Potential Loyalists,1,False
4114,16499,360,8,2578.34,2,5,4,254,At Risk,0,True
4115,16500,5,9,843.9100000000001,5,5,3,553,Loyal Customers,1,False
4116,16501,383,1,1191.23,2,1,3,213,Others,0,True
4117,16502,620,2,258.55,1,2,1,121,Hibernating,0,True
4118,16503,107,11,3614.34,3,5,5,355,Loyal Customers,1,False
4119,16504,25,1,465.88,4,1,2,412,Recent Customers,1,False
4120,16505,32,1,777.6,4,1,3,413,Recent Customers,1,False
4121,16506,20,2,90.30000000000001,4,2,1,421,Potential Loyalists,1,False
4122,16507,572,1,142.71,1,1,1,111,Hibernating,0,True
4123,16508,630,1,240.95,1,1,1,111,Hibernating,0,True
4124,16509,297,1,363.7,2,1,2,212,Hibernating,0,True
4125,16510,372,6,1777.5,2,4,4,244,At Risk,0,True
4126,16511,22,6,1760.49,4,4,4,444,Champions,1,False
4127,16513,5,4,874.59,5,4,3,543,Loyal Customers,1,False
4128,16515,52,10,3179.06,4,5,5,455,Champions,1,False
4129,16516,30,1,101.69999999999999,4,1,1,411,Recent Customers,1,False
4130,16517,277,1,162.7,2,1,1,211,Hibernating,0,True
4131,16518,61,4,959.37,3,4,3,343,Loyal Customers,1,False
4132,16519,25,4,439.06,4,4,2,442,Loyal Customers,1,False
4133,16520,186,6,2148.38,3,4,4,344,Loyal Customers,1,True
4134,16521,415,3,1140.11,1,3,3,133,At Risk,0,True
4135,16522,436,2,433.36,1,2,2,122,At Risk,0,True
4136,16523,2,28,11916.33,5,5,5,555,Champions,1,False
4137,16524,446,2,306.19,1,2,2,122,At Risk,0,True
4138,16525,2,48,24151.3,5,5,5,555,Champions,1,False
4139,16526,172,2,717.21,3,2,3,323,Potential Loyalists,1,False
4140,16527,81,2,1232.94,3,2,4,324,Potential Loyalists,1,False
4141,16528,4,1,244.41,5,1,1,511,Recent Customers,1,False
4142,16529,190,4,1986.8,2,4,4,244,At Risk,1,True
4143,16530,668,1,48.349999999999994,1,1,1,111,Hibernating,0,True
4144,16531,22,11,2298.33,4,5,4,454,Champions,1,False
4145,16532,18,5,8756.64,5,4,5,545,Champions,1,False
4146,16533,19,3,1082.81,5,3,3,533,Potential Loyalists,1,False
4147,16534,642,1,635.9,1,1,3,113,Others,0,True
4148,16535,5,3,972.04,5,3,3,533,Potential Loyalists,1,False
4149,16536,110,1,548.12,3,1,2,312,Promising,1,False
4150,16537,641,1,23.35,1,1,1,111,Hibernating,0,True
4151,16538,541,3,395.07,1,3,2,132,At Risk,0,True
4152,16539,3,10,3289.66,5,5,5,555,Champions,1,False
4153,16540,414,1,205.75,1,1,1,111,Hibernating,0,True
4154,16541,735,1,424.03,1,1,2,112,Hibernating,0,True
4155,16542,54,2,257.32,4,2,1,421,Potential Loyalists,1,False
4156,16543,592,1,292.21,1,1,2,112,Hibernating,0,True
4157,16544,520,4,376.70000000000005,1,4,2,142,At Risk,0,True
4158,16545,165,2,689.82,3,2,3,323,Potential Loyalists,1,False
4159,16546,291,5,5307.07,2,4,5,245,At Risk,0,True
4160,16547,546,1,104.25999999999999,1,1,1,111,Hibernating,0,True
4161,16548,599,1,30.15,1,1,1,111,Hibernating,0,True
4162,16549,10,34,12781.8,5,5,5,555,Champions,1,False
4163,16550,109,18,8813.58,3,5,5,355,Loyal Customers,1,False
4164,16551,96,7,2237.12,3,4,4,344,Loyal Customers,1,False
4165,16552,243,2,379.73,2,2,2,222,At Risk,1,True
4166,16553,163,33,16584.01,3,5,5,355,Loyal Customers,1,False
4167,16554,42,8,2841.72,4,5,4,454,Champions,1,False
4168,16555,35,6,1915.68,4,4,4,444,Champions,1,False
4169,16556,67,17,8012.58,3,5,5,355,Loyal Customers,1,False
4170,16557,24,2,281.85,4,2,1,421,Potential Loyalists,1,False
4171,16558,1,38,13304.11,5,5,5,555,Champions,1,False
4172,16559,397,1,175.0,2,1,1,211,Hibernating,0,True
4173,16560,27,8,3048.38,4,5,5,455,Champions,1,False
4174,16561,6,2,511.12,5,2,2,522,Potential Loyalists,1,False
4175,16562,477,1,223.85999999999999,1,1,1,111,Hibernating,0,True
4176,16563,54,6,4412.56,4,4,5,445,Champions,1,False
4177,16564,569,1,87.8,1,1,1,111,Hibernating,0,True
4178,16565,364,4,773.05,2,4,3,243,At Risk,0,True
4179,16566,15,5,614.66,5,4,3,543,Loyal Customers,1,False
4180,16567,194,2,865.6,2,2,3,223,At Risk,1,True
4181,16568,428,2,1020.9000000000001,1,2,3,123,At Risk,0,True
4182,16569,3,5,1455.23,5,4,4,544,Champions,1,False
4183,16570,15,20,7434.31,5,5,5,555,Champions,1,False
4184,16571,27,10,4248.74,4,5,5,455,Champions,1,False
4185,16572,127,3,1009.6,3,3,3,333,Potential Loyalists,1,False
4186,16573,85,2,663.61,3,2,3,323,Potential Loyalists,1,False
4187,16574,71,3,1301.78,3,3,4,334,Potential Loyalists,1,False
4188,16576,420,2,540.87,1,2,2,122,At Risk,0,True
4189,16577,667,1,380.0,1,1,2,112,Hibernating,0,True
4190,16578,626,1,156.6,1,1,1,111,Hibernating,0,True
4191,16579,426,1,295.05,1,1,2,112,Hibernating,0,True
4192,16581,183,1,105.84,3,1,1,311,Promising,1,True
4193,16582,113,1,313.62,3,1,2,312,Promising,1,False
4194,16583,374,2,297.95,2,2,2,222,At Risk,0,True
4195,16584,80,5,3156.17,3,4,5,345,Loyal Customers,1,False
4196,16585,594,2,341.59,1,2,2,122,At Risk,0,True
4197,16586,249,3,1462.78,2,3,4,234,At Risk,1,True
4198,16587,232,1,225.15,2,1,1,211,Hibernating,1,True
4199,16588,386,4,1361.28,2,4,4,244,At Risk,0,True
4200,16589,71,4,612.36,3,4,3,343,Loyal Customers,1,False
4201,16590,401,2,605.9,2,2,2,222,At Risk,0,True
4202,16591,69,1,213.5,3,1,1,311,Promising,1,False
4203,16592,4,28,7807.91,5,5,5,555,Champions,1,False
4204,16593,51,8,1071.1399999999999,4,5,3,453,Loyal Customers,1,False
4205,16594,75,1,181.09,3,1,1,311,Promising,1,False
4206,16595,61,5,1757.75,3,4,4,344,Loyal Customers,1,False
4207,16596,16,4,458.98,5,4,2,542,Loyal Customers,1,False
4208,16597,4,1,90.04,5,1,1,511,Recent Customers,1,False
4209,16598,286,1,145.04999999999998,2,1,1,211,Hibernating,0,True
4210,16599,386,1,172.8,2,1,1,211,Hibernating,0,True
4211,16600,4,13,2153.41,5,5,4,554,Champions,1,False
4212,16601,41,3,677.0,4,3,3,433,Potential Loyalists,1,False
4213,16602,36,2,763.33,4,2,3,423,Potential Loyalists,1,False
4214,16603,75,2,482.47,3,2,2,322,Potential Loyalists,1,False
4215,16604,563,2,432.45,1,2,2,122,At Risk,0,True
4216,16605,724,1,60.48,1,1,1,111,Hibernating,0,True
4217,16606,404,2,357.66,2,2,2,222,At Risk,0,True
4218,16607,18,25,5706.87,5,5,5,555,Champions,1,False
4219,16608,454,2,1286.6200000000001,1,2,4,124,At Risk,0,True
4220,16609,15,7,5493.46,5,4,5,545,Champions,1,False
4221,16610,219,1,75.66,2,1,1,211,Hibernating,1,True
4222,16611,186,6,1785.13,3,4,4,344,Loyal Customers,1,True
4223,16612,33,9,3245.43,4,5,5,455,Champions,1,False
4224,16613,70,1,618.59,3,1,3,313,Promising,1,False
4225,16614,183,3,1179.79,3,3,3,333,Potential Loyalists,1,True
4226,16615,626,1,291.5,1,1,2,112,Hibernating,0,True
4227,16616,15,2,500.42,5,2,2,522,Potential Loyalists,1,False
4228,16617,236,1,151.85,2,1,1,211,Hibernating,1,True
4229,16618,31,5,2647.59,4,4,4,444,Champions,1,False
4230,16619,264,4,1938.33,2,4,4,244,At Risk,0,True
4231,16620,4,6,1758.93,5,4,4,544,Champions,1,False
4232,16621,52,4,813.48,4,4,3,443,Loyal Customers,1,False
4233,16622,544,1,225.4,1,1,1,111,Hibernating,0,True
4234,16623,246,4,1015.24,2,4,3,243,At Risk,1,True
4235,16624,81,2,810.5699999999999,3,2,3,323,Potential Loyalists,1,False
4236,16625,275,5,1654.03,2,4,4,244,At Risk,0,True
4237,16626,1,17,4413.1,5,5,5,555,Champions,1,False
4238,16627,79,1,322.8,3,1,2,312,Promising,1,False
4239,16628,30,7,2318.1,4,4,4,444,Champions,1,False
4240,16629,74,2,408.63,3,2,2,322,Potential Loyalists,1,False
4241,16630,407,1,106.80000000000001,2,1,1,211,Hibernating,0,True
4242,16631,482,7,1892.52,1,4,4,144,At Risk,0,True
4243,16632,486,2,406.4,1,2,2,122,At Risk,0,True
4244,16633,17,6,2883.1,5,4,4,544,Champions,1,False
4245,16634,223,6,1649.81,2,4,4,244,At Risk,1,True
4246,16635,407,1,473.0,2,1,2,212,Hibernating,0,True
4247,16636,438,4,3802.04,1,4,5,145,At Risk,0,True
4248,16637,32,4,1154.47,4,4,3,443,Loyal Customers,1,False
4249,16638,23,15,2380.13,4,5,4,454,Champions,1,False
4250,16639,31,4,1747.98,4,4,4,444,Champions,1,False
4251,16640,398,1,179.4,2,1,1,211,Hibernating,0,True
4252,16641,106,2,554.5,3,2,2,322,Potential Loyalists,1,False
4253,16642,5,3,1077.45,5,3,3,533,Potential Loyalists,1,False
4254,16643,246,2,923.11,2,2,3,223,At Risk,1,True
4255,16644,178,2,833.78,3,2,3,323,Potential Loyalists,1,False
4256,16645,736,1,160.39,1,1,1,111,Hibernating,0,True
4257,16646,449,1,678.8,1,1,3,113,Others,0,True
4258,16647,170,4,541.9,3,4,2,342,Loyal Customers,1,False
4259,16648,43,3,672.8,4,3,3,433,Potential Loyalists,1,False
4260,16649,520,1,306.58000000000004,1,1,2,112,Hibernating,0,True
4261,16650,72,7,1916.11,3,4,4,344,Loyal Customers,1,False
4262,16651,587,1,136.2,1,1,1,111,Hibernating,0,True
4263,16652,59,16,17550.39,4,5,5,455,Champions,1,False
4264,16653,16,2,1212.66,5,2,3,523,Potential Loyalists,1,False
4265,16654,141,8,1484.07,3,5,4,354,Loyal Customers,1,False
4266,16655,18,13,6423.26,5,5,5,555,Champions,1,False
4267,16656,22,30,16833.170000000002,4,5,5,455,Champions,1,False
4268,16657,10,4,874.43,5,4,3,543,Loyal Customers,1,False
4269,16658,368,6,690.83,2,4,3,243,At Risk,0,True
4270,16659,189,1,39.12,3,1,1,311,Promising,1,True
4271,16660,16,7,1879.55,5,4,4,544,Champions,1,False
4272,16661,540,4,932.76,1,4,3,143,At Risk,0,True
4273,16662,394,1,151.05,2,1,1,211,Hibernating,0,True
4274,16663,729,1,165.0,1,2,1,121,Hibernating,0,True
4275,16664,569,1,109.2,1,2,1,121,Hibernating,0,True
4276,16665,362,1,135.39999999999998,2,2,1,221,Hibernating,0,True
4277,16666,19,2,217.71,5,2,1,521,Potential Loyalists,1,False
4278,16667,68,2,567.1800000000001,3,2,2,322,Potential Loyalists,1,False
4279,16668,15,13,862.42,5,5,3,553,Loyal Customers,1,False
4280,16669,24,3,1348.88,4,3,4,434,Potential Loyalists,1,False
4281,16670,17,20,8030.150000000001,5,5,5,555,Champions,1,False
4282,16671,28,3,1692.27,4,3,4,434,Potential Loyalists,1,False
4283,16672,2,20,8134.9400000000005,5,5,5,555,Champions,1,False
4284,16673,679,1,171.13,1,2,1,121,Hibernating,0,True
4285,16674,55,2,304.24,4,2,2,422,Potential Loyalists,1,False
4286,16675,442,2,608.86,1,2,2,122,At Risk,0,True
4287,16676,34,6,2361.9,4,4,4,444,Champions,1,False
4288,16677,411,2,880.62,1,2,3,123,At Risk,0,True
4289,16678,3,12,3109.99,5,5,5,555,Champions,1,False
4290,16679,366,3,663.31,2,3,3,233,At Risk,0,True
4291,16680,43,3,821.45,4,3,3,433,Potential Loyalists,1,False
4292,16681,73,7,1921.84,3,4,4,344,Loyal Customers,1,False
4293,16682,5,5,1028.0,5,4,3,543,Loyal Customers,1,False
4294,16683,534,1,320.25,1,2,2,122,At Risk,0,True
4295,16684,4,55,147142.77,5,5,5,555,Champions,2,False
4296,16685,61,2,324.24,3,2,2,322,Potential Loyalists,1,False
4297,16686,47,16,4881.07,4,5,5,455,Champions,1,False
4298,16687,391,1,157.63,2,2,1,221,Hibernating,0,True
4299,16688,1,4,1260.86,5,4,4,544,Champions,1,False
4300,16689,76,2,422.59999999999997,3,2,2,322,Potential Loyalists,1,False
4301,16690,72,4,353.03,3,4,2,342,Loyal Customers,1,False
4302,16691,418,2,178.83,1,2,1,121,Hibernating,0,True
4303,16692,256,4,1914.6999999999998,2,4,4,244,At Risk,1,True
4304,16693,69,5,1179.48,3,4,3,343,Loyal Customers,1,False
4305,16694,723,1,98.30000000000001,1,2,1,121,Hibernating,0,True
4306,16695,562,2,191.9,1,2,1,121,Hibernating,0,True
4307,16696,135,4,657.9000000000001,3,4,3,343,Loyal Customers,1,False
4308,16697,241,1,112.75,2,2,1,221,Hibernating,1,True
4309,16698,227,2,1998.0,2,2,4,224,At Risk,1,True
4310,16699,380,7,994.6,2,4,3,243,At Risk,0,True
4311,16700,9,25,8830.77,5,5,5,555,Champions,1,False
4312,16701,9,26,9916.73,5,5,5,555,Champions,1,False
4313,16702,415,4,1110.83,1,4,3,143,At Risk,0,True
4314,16704,618,2,664.16,1,2,3,123,At Risk,0,True
4315,16705,1,42,43515.051,5,5,5,555,Champions,1,False
4316,16706,37,3,531.35,4,3,2,432,Potential Loyalists,1,False
4317,16707,400,4,533.41,2,4,2,242,At Risk,0,True
4318,16708,46,1,656.63,4,2,3,423,Potential Loyalists,1,False
4319,16709,85,14,9056.01,3,5,5,355,Loyal Customers,1,False
4320,16710,19,22,5921.35,5,5,5,555,Champions,1,False
4321,16711,3,9,2868.48,5,5,4,554,Champions,1,False
4322,16712,9,13,4232.87,5,5,5,555,Champions,1,False
4323,16713,19,32,14115.56,5,5,5,555,Champions,1,False
4324,16714,219,4,1497.33,2,4,4,244,At Risk,1,True
4325,16715,78,2,625.52,3,2,3,323,Potential Loyalists,1,False
4326,16716,267,3,2149.6800000000003,2,3,4,234,At Risk,0,True
4327,16717,24,14,6663.68,4,5,5,455,Champions,1,False
4328,16718,369,5,3006.08,2,4,5,245,At Risk,0,True
4329,16719,15,14,3513.62,5,5,5,555,Champions,1,False
4330,16720,26,3,758.74,4,3,3,433,Potential Loyalists,1,False
4331,16721,262,1,292.47,2,2,2,222,At Risk,0,True
4332,16722,17,22,8189.56,5,5,5,555,Champions,1,False
4333,16723,91,4,1231.36,3,4,4,344,Loyal Customers,1,False
4334,16724,405,1,147.35,2,2,1,221,Hibernating,0,True
4335,16725,302,14,1688.26,2,5,4,254,At Risk,0,True
4336,16726,26,7,2063.88,4,4,4,444,Champions,1,False
4337,16727,364,4,1377.77,2,4,4,244,At Risk,0,True
4338,16728,46,4,1048.28,4,4,3,443,Loyal Customers,1,False
4339,16729,38,21,7205.33,4,5,5,455,Champions,1,False
4340,16730,52,3,743.11,4,3,3,433,Potential Loyalists,1,False
4341,16731,648,1,170.3,1,2,1,121,Hibernating,0,True
4342,16732,32,4,4387.64,4,4,5,445,Champions,1,False
4343,16733,530,1,259.68,1,2,1,121,Hibernating,0,True
4344,16734,52,3,646.76,4,3,3,433,Potential Loyalists,1,False
4345,16735,79,14,6217.41,3,5,5,355,Loyal Customers,1,False
4346,16736,506,5,2956.56,1,4,5,145,At Risk,0,True
4347,16737,53,2,835.1999999999999,4,2,3,423,Potential Loyalists,1,False
4348,16738,298,1,3.75,2,2,1,221,Hibernating,0,True
4349,16739,177,2,786.43,3,2,3,323,Potential Loyalists,1,False
4350,16740,395,1,226.91,2,2,1,221,Hibernating,0,True
4351,16741,625,1,173.06,1,2,1,121,Hibernating,0,True
4352,16742,47,14,2799.87,4,5,4,454,Champions,1,False
4353,16743,29,14,4212.15,4,5,5,455,Champions,1,False
4354,16744,11,7,1291.91,5,4,4,544,Champions,1,False
4355,16745,87,17,7180.7,3,5,5,355,Loyal Customers,1,False
4356,16746,5,42,18046.75,5,5,5,555,Champions,1,False
4357,16747,38,2,836.06,4,2,3,423,Potential Loyalists,1,False
4358,16748,18,14,3637.33,5,5,5,555,Champions,1,False
4359,16749,591,2,4157.88,1,2,5,125,At Risk,0,True
4360,16750,45,5,623.93,4,4,3,443,Loyal Customers,1,False
4361,16751,31,1,1764.72,4,2,4,424,Potential Loyalists,1,False
4362,16752,373,1,207.5,2,2,1,221,Hibernating,0,True
4363,16753,58,1,223.92000000000002,4,2,1,421,Potential Loyalists,1,False
4364,16754,372,29,65500.07,2,5,5,255,At Risk,1,True
4365,16755,114,7,2864.68,3,4,4,344,Loyal Customers,1,False
4366,16756,215,7,1312.3700000000001,2,4,4,244,At Risk,1,True
4367,16757,319,2,270.48,2,2,1,221,Hibernating,0,True
4368,16758,65,1,369.34000000000003,3,2,2,322,Potential Loyalists,1,False
4369,16759,8,3,789.79,5,3,3,533,Potential Loyalists,1,False
4370,16760,430,1,228.0,1,2,1,121,Hibernating,0,True
4371,16761,97,1,316.62,3,2,2,322,Potential Loyalists,1,False
4372,16762,20,3,1207.24,4,3,3,433,Potential Loyalists,1,False
4373,16763,199,2,964.6999999999999,2,2,3,223,At Risk,1,True
4374,16764,4,13,2790.9500000000003,5,5,4,554,Champions,1,False
4375,16765,294,2,454.75,2,2,2,222,At Risk,0,True
4376,16766,273,2,1145.6,2,2,3,223,At Risk,0,True
4377,16767,31,15,8056.76,4,5,5,455,Champions,1,False
4378,16768,48,9,1698.57,4,5,4,454,Champions,1,False
4379,16769,260,4,1117.05,2,4,3,243,At Risk,1,True
4380,16770,58,9,1778.93,4,5,4,454,Champions,1,False
4381,16771,33,10,3949.6,4,5,5,455,Champions,1,False
4382,16772,423,3,3698.0499999999997,1,3,5,135,At Risk,0,True
4383,16773,57,3,421.24,4,3,2,432,Potential Loyalists,1,False
4384,16774,68,8,1567.48,3,5,4,354,Loyal Customers,1,False
4385,16775,10,16,2820.84,5,5,4,554,Champions,1,False
4386,16776,60,2,592.51,3,2,2,322,Potential Loyalists,1,False
4387,16777,80,5,1292.18,3,4,4,344,Loyal Customers,1,False
4388,16778,74,2,245.94,3,2,1,321,Potential Loyalists,1,False
4389,16779,2,53,32809.03,5,5,5,555,Champions,1,False
4390,16780,100,3,596.4,3,3,2,332,Potential Loyalists,1,False
4391,16781,372,2,623.0,2,2,3,223,At Risk,0,True
4392,16782,10,38,9636.12,5,5,5,555,Champions,1,False
4393,16783,437,1,391.95,1,2,2,122,At Risk,0,True
4394,16784,20,5,892.33,4,4,3,443,Loyal Customers,1,False
4395,16785,410,1,533.78,2,2,2,222,At Risk,0,True
4396,16786,394,1,51.839999999999996,2,2,1,221,Hibernating,0,True
4397,16787,398,4,1017.53,2,4,3,243,At Risk,0,True
4398,16788,123,5,1928.93,3,4,4,344,Loyal Customers,1,False
4399,16789,8,1,80.8,5,2,1,521,Potential Loyalists,1,False
4400,16790,4,6,1545.6200000000001,5,4,4,544,Champions,1,False
4401,16791,29,15,3957.63,4,5,5,455,Champions,1,False
4402,16792,282,5,623.46,2,4,3,243,At Risk,0,True
4403,16793,57,1,243.84,4,2,1,421,Potential Loyalists,1,False
4404,16794,1,15,2052.7,5,5,4,554,Champions,1,False
4405,16795,365,3,2062.41,2,3,4,234,At Risk,0,True
4406,16796,89,1,305.62,3,2,2,322,Potential Loyalists,1,False
4407,16797,393,5,1802.02,2,4,4,244,At Risk,0,True
4408,16798,554,3,841.16,1,3,3,133,At Risk,0,True
4409,16799,432,2,452.78000000000003,1,2,2,122,At Risk,0,True
4410,16800,11,1,1162.65,5,2,3,523,Potential Loyalists,1,False
4411,16801,163,4,1594.23,3,4,4,344,Loyal Customers,1,False
4412,16802,679,2,582.61,1,2,2,122,At Risk,0,True
4413,16803,65,1,332.3,3,2,2,322,Potential Loyalists,1,False
4414,16804,23,3,536.99,4,3,2,432,Potential Loyalists,1,False
4415,16805,174,5,1091.34,3,4,3,343,Loyal Customers,1,False
4416,16806,103,4,762.16,3,4,3,343,Loyal Customers,1,False
4417,16807,143,6,2123.88,3,4,4,344,Loyal Customers,1,False
4418,16808,99,2,288.42,3,2,2,322,Potential Loyalists,1,False
4419,16809,23,9,1727.43,4,5,4,454,Champions,1,False
4420,16810,192,2,842.0400000000001,2,2,3,223,At Risk,1,True
4421,16811,5,2,547.07,5,2,2,522,Potential Loyalists,1,False
4422,16812,361,4,2392.0,2,4,4,244,At Risk,0,True
4423,16813,8,10,1652.18,5,5,4,554,Champions,1,False
4424,16814,14,36,11924.85,5,5,5,555,Champions,1,False
4425,16815,454,2,406.02,1,2,2,122,At Risk,0,True
4426,16816,103,4,417.06,3,4,2,342,Loyal Customers,1,False
4427,16817,3,13,2560.7,5,5,4,554,Champions,1,False
4428,16818,11,11,3349.57,5,5,5,555,Champions,1,False
4429,16819,465,2,182.59,1,2,1,121,Hibernating,0,True
4430,16820,96,1,497.61,3,2,2,322,Potential Loyalists,1,False
4431,16821,382,1,113.35,2,2,1,221,Hibernating,0,True
4432,16822,686,1,181.39,1,2,1,121,Hibernating,0,True
4433,16823,227,7,2243.09,2,4,4,244,At Risk,1,True
4434,16824,16,3,686.24,5,3,3,533,Potential Loyalists,1,False
4435,16825,39,5,1826.89,4,4,4,444,Champions,1,False
4436,16826,51,1,341.7,4,2,2,422,Potential Loyalists,1,False
4437,16827,393,5,392.13,2,4,2,242,At Risk,0,True
4438,16828,93,2,128.5,3,2,1,321,Potential Loyalists,1,False
4439,16829,157,2,513.32,3,2,2,322,Potential Loyalists,1,False
4440,16830,39,4,1207.5,4,4,3,443,Loyal Customers,1,False
4441,16831,565,1,91.8,1,2,1,121,Hibernating,0,True
4442,16832,184,5,417.61,3,4,2,342,Loyal Customers,1,True
4443,16833,1,6,2409.04,5,4,4,544,Champions,1,False
4444,16834,228,2,898.96,2,3,3,233,At Risk,1,True
4445,16835,128,6,1456.66,3,4,4,344,Loyal Customers,1,False
4446,16836,40,4,782.37,4,4,3,443,Loyal Customers,1,False
4447,16837,31,11,3170.98,4,5,5,455,Champions,1,False
4448,16838,197,4,1159.61,2,4,3,243,At Risk,1,True
4449,16839,9,44,21758.25,5,5,5,555,Champions,1,False
4450,16840,603,2,139.85,1,3,1,131,Others,0,True
4451,16841,37,12,4006.06,4,5,5,455,Champions,1,False
4452,16842,101,3,1264.19,3,3,4,334,Potential Loyalists,1,False
4453,16843,43,35,19571.43,4,5,5,455,Champions,1,False
4454,16844,563,2,614.34,1,3,3,133,At Risk,0,True
4455,16845,618,1,253.88,1,2,1,121,Hibernating,0,True
4456,16846,50,3,842.41,4,3,3,433,Potential Loyalists,1,False
4457,16847,43,2,614.89,4,3,3,433,Potential Loyalists,1,False
4458,16848,53,4,1411.62,4,4,4,444,Champions,1,False
4459,16849,187,1,124.57,3,2,1,321,Potential Loyalists,1,True
4460,16850,334,1,332.41,2,2,2,222,At Risk,0,True
4461,16851,4,3,342.45,5,3,2,532,Potential Loyalists,1,False
4462,16852,10,2,144.91000000000003,5,3,1,531,Potential Loyalists,1,False
4463,16854,417,2,1408.96,1,3,4,134,At Risk,0,True
4464,16855,24,2,328.4,4,3,2,432,Potential Loyalists,1,False
4465,16856,15,3,358.49,5,3,2,532,Potential Loyalists,1,False
4466,16857,443,1,352.8,1,2,2,122,At Risk,0,True
4467,16858,369,10,4292.59,2,5,5,255,At Risk,0,True
4468,16859,145,7,1932.41,3,4,4,344,Loyal Customers,1,False
4469,16860,453,3,1610.62,1,3,4,134,At Risk,0,True
4470,16861,60,5,946.59,3,4,3,343,Loyal Customers,1,False
4471,16862,547,4,662.33,1,4,3,143,At Risk,0,True
4472,16863,31,3,834.27,4,3,3,433,Potential Loyalists,1,False
4473,16864,434,2,409.25,1,3,2,132,At Risk,0,True
4474,16865,402,1,130.95,2,2,1,221,Hibernating,0,True
4475,16866,141,3,207.73999999999998,3,3,1,331,Potential Loyalists,1,False
4476,16867,690,1,76.74000000000001,1,2,1,121,Hibernating,0,True
4477,16868,394,3,384.56,2,3,2,232,At Risk,0,True
4478,16869,23,4,817.12,4,4,3,443,Loyal Customers,1,False
4479,16870,469,1,450.15999999999997,1,2,2,122,At Risk,0,True
4480,16871,22,6,2812.34,4,4,4,444,Champions,1,False
4481,16872,77,6,1213.13,3,4,3,343,Loyal Customers,1,False
4482,16873,5,12,14617.39,5,5,5,555,Champions,1,False
4483,16874,379,1,209.89000000000001,2,2,1,221,Hibernating,0,True
4484,16875,67,11,4234.53,3,5,5,355,Loyal Customers,1,False
4485,16876,404,1,136.01,2,2,1,221,Hibernating,0,True
4486,16877,12,6,846.62,5,4,3,543,Loyal Customers,1,False
4487,16878,84,1,13.3,3,2,1,321,Potential Loyalists,1,False
4488,16880,31,8,1813.21,4,5,4,454,Champions,1,False
4489,16881,67,1,432.0,3,2,2,322,Potential Loyalists,1,False
4490,16882,67,3,705.12,3,3,3,333,Potential Loyalists,1,False
4491,16883,187,19,2246.06,3,5,4,354,Loyal Customers,1,True
4492,16884,38,4,1070.97,4,4,3,443,Loyal Customers,1,False
4493,16885,15,4,684.6,5,4,3,543,Loyal Customers,1,False
4494,16886,456,1,134.0,1,2,1,121,Hibernating,0,True
4495,16887,35,3,658.17,4,3,3,433,Potential Loyalists,1,False
4496,16888,401,3,434.2,2,3,2,232,At Risk,0,True
4497,16889,195,6,2526.65,2,4,4,244,At Risk,1,True
4498,16890,477,3,285.41,1,3,1,131,Others,0,True
4499,16891,2,11,1727.94,5,5,4,554,Champions,1,False
4500,16892,1,7,754.75,5,4,3,543,Loyal Customers,1,False
4501,16893,367,2,249.89000000000001,2,3,1,231,Others,0,True
4502,16894,502,3,1306.96,1,3,4,134,At Risk,0,True
4503,16895,65,5,1102.9,3,4,3,343,Loyal Customers,1,False
4504,16896,555,1,103.95,1,2,1,121,Hibernating,0,True
4505,16897,299,2,289.78,2,3,2,232,At Risk,0,True
4506,16898,26,5,885.21,4,4,3,443,Loyal Customers,1,False
4507,16899,8,8,1695.77,5,5,4,554,Champions,1,False
4508,16900,17,3,887.11,5,3,3,533,Potential Loyalists,1,False
4509,16901,729,1,204.26,1,2,1,121,Hibernating,0,True
4510,16902,116,1,1706.88,3,2,4,324,Potential Loyalists,1,False
4511,16903,29,3,1041.75,4,3,3,433,Potential Loyalists,1,False
4512,16904,4,21,4675.36,5,5,5,555,Champions,1,False
4513,16905,5,17,4706.77,5,5,5,555,Champions,1,False
4514,16906,82,7,1410.92,3,4,4,344,Loyal Customers,1,False
4515,16907,29,9,1470.89,4,5,4,454,Champions,1,False
4516,16908,722,1,252.59,1,2,1,121,Hibernating,0,True
4517,16909,72,1,379.14,3,2,2,322,Potential Loyalists,1,False
4518,16910,4,8,1508.96,5,5,4,554,Champions,1,False
4519,16911,636,2,255.25,1,3,1,131,Others,0,True
4520,16912,29,15,4460.51,4,5,5,455,Champions,1,False
4521,16913,290,3,423.90999999999997,2,3,2,232,At Risk,0,True
4522,16914,36,1,183.76,4,2,1,421,Potential Loyalists,1,False
4523,16915,9,11,1543.18,5,5,4,554,Champions,1,False
4524,16916,24,4,902.02,4,4,3,443,Loyal Customers,1,False
4525,16917,277,2,1851.88,2,3,4,234,At Risk,0,True
4526,16918,50,16,3206.54,4,5,5,455,Champions,1,False
4527,16919,156,24,4909.66,3,5,5,355,Loyal Customers,1,False
4528,16920,411,1,355.45,1,2,2,122,At Risk,0,True
4529,16921,61,3,409.21,3,3,2,332,Potential Loyalists,1,False
4530,16922,573,1,611.08,1,2,3,123,At Risk,0,True
4531,16923,12,32,13157.130000000001,5,5,5,555,Champions,1,False
4532,16924,21,3,829.89,4,3,3,433,Potential Loyalists,1,False
4533,16925,540,1,125.65,1,2,1,121,Hibernating,0,True
4534,16926,371,5,1169.6100000000001,2,4,3,243,At Risk,0,True
4535,16927,116,3,543.05,3,3,2,332,Potential Loyalists,1,False
4536,16928,80,29,3897.5299999999997,3,5,5,355,Loyal Customers,1,False
4537,16929,4,7,1295.39,5,4,4,544,Champions,1,False
4538,16930,26,3,378.89,4,3,2,432,Potential Loyalists,1,False
4539,16931,5,23,5032.22,5,5,5,555,Champions,1,False
4540,16932,53,3,412.55,4,3,2,432,Potential Loyalists,1,False
4541,16933,1,9,3099.3,5,5,5,555,Champions,1,False
4542,16934,55,6,2083.14,4,4,4,444,Champions,1,False
4543,16935,382,3,530.86,2,3,2,232,At Risk,0,True
4544,16936,26,2,548.29,4,3,2,432,Potential Loyalists,1,False
4545,16937,499,1,196.25,1,2,1,121,Hibernating,0,True
4546,16938,9,9,6995.360000000001,5,5,5,555,Champions,1,False
4547,16939,489,3,433.85,1,3,2,132,At Risk,0,True
4548,16940,52,8,6427.66,4,5,5,455,Champions,1,False
4549,16941,612,1,33.0,1,2,1,121,Hibernating,0,True
4550,16942,13,9,1904.99,5,5,4,554,Champions,1,False
4551,16943,212,5,1299.49,2,4,4,244,At Risk,1,True
4552,16944,610,1,101.36,1,2,1,121,Hibernating,0,True
4553,16945,22,33,8548.16,4,5,5,455,Champions,1,False
4554,16946,383,5,1222.04,2,4,4,244,At Risk,0,True
4555,16947,236,5,955.21,2,4,3,243,At Risk,1,True
4556,16948,139,7,868.77,3,4,3,343,Loyal Customers,1,False
4557,16949,4,6,1286.27,5,4,4,544,Champions,1,False
4558,16950,57,10,3541.77,4,5,5,455,Champions,1,False
4559,16951,135,3,1277.75,3,3,4,334,Potential Loyalists,1,False
4560,16952,109,5,795.83,3,4,3,343,Loyal Customers,1,False
4561,16953,30,1,20.8,4,2,1,421,Potential Loyalists,1,False
4562,16954,1,20,6081.88,5,5,5,555,Champions,1,False
4563,16955,185,6,1120.31,3,4,3,343,Loyal Customers,1,True
4564,16956,18,1,308.74,5,2,2,522,Potential Loyalists,1,False
4565,16957,239,2,416.64,2,3,2,232,At Risk,1,True
4566,16958,435,1,778.49,1,2,3,123,At Risk,0,True
4567,16959,87,1,117.35000000000001,3,2,1,321,Potential Loyalists,1,False
4568,16960,39,8,1990.88,4,5,4,454,Champions,1,False
4569,16961,116,3,794.56,3,3,3,333,Potential Loyalists,1,False
4570,16962,410,1,251.04,2,2,1,221,Hibernating,0,True
4571,16963,187,1,110.55000000000001,3,2,1,321,Potential Loyalists,1,True
4572,16964,733,2,207.85,1,3,1,131,Others,0,True
4573,16965,227,1,201.19,2,2,1,221,Hibernating,1,True
4574,16966,8,7,2154.97,5,4,4,544,Champions,1,False
4575,16967,189,1,319.02,3,2,2,322,Potential Loyalists,1,True
4576,16968,4,2,439.43,5,3,2,532,Potential Loyalists,1,False
4577,16969,39,3,650.41,4,3,3,433,Potential Loyalists,1,False
4578,16970,626,1,71.4,1,2,1,121,Hibernating,0,True
4579,16971,38,1,357.21,4,2,2,422,Potential Loyalists,1,False
4580,16972,383,2,749.0,2,3,3,233,At Risk,0,True
4581,16973,386,1,127.0,2,2,1,221,Hibernating,0,True
4582,16974,523,2,365.5,1,3,2,132,At Risk,0,True
4583,16975,423,3,926.12,1,3,3,133,At Risk,0,True
4584,16976,267,1,251.51999999999998,2,2,1,221,Hibernating,0,True
4585,16977,395,4,496.0,2,4,2,242,At Risk,0,True
4586,16978,78,3,768.88,3,3,3,333,Potential Loyalists,1,False
4587,16979,4,9,2859.74,5,5,4,554,Champions,1,False
4588,16980,255,3,1422.8300000000002,2,3,4,234,At Risk,1,True
4589,16982,61,1,384.06,3,2,2,322,Potential Loyalists,1,False
4590,16983,13,11,3490.5299999999997,5,5,5,555,Champions,1,False
4591,16984,88,9,10350.53,3,5,5,355,Loyal Customers,1,False
4592,16985,17,23,10923.16,5,5,5,555,Champions,1,False
4593,16986,30,11,4888.75,4,5,5,455,Champions,1,False
4594,16987,3,11,2521.4,5,5,4,554,Champions,1,False
4595,16988,5,2,382.67,5,3,2,532,Potential Loyalists,1,False
4596,16989,7,6,1133.25,5,4,3,543,Loyal Customers,1,False
4597,16990,219,2,344.0,2,3,2,232,At Risk,1,True
4598,16991,421,1,1041.21,1,2,3,123,At Risk,0,True
4599,16992,11,13,5476.5,5,5,5,555,Champions,1,False
4600,16993,464,2,1950.9499999999998,1,3,4,134,At Risk,0,True
4601,16996,30,9,2123.61,4,5,4,454,Champions,1,False
4602,16997,288,3,702.0,2,3,3,233,At Risk,0,True
4603,16998,150,5,402.0,3,4,2,342,Loyal Customers,1,False
4604,16999,23,2,484.82,4,3,2,432,Potential Loyalists,1,False
4605,17000,396,2,406.3,2,3,2,232,At Risk,0,True
4606,17001,1,19,6640.8,5,5,5,555,Champions,1,False
4607,17002,86,7,2571.55,3,4,4,344,Loyal Customers,1,False
4608,17003,402,4,828.21,2,4,3,243,At Risk,0,True
4609,17004,46,4,2324.36,4,4,4,444,Champions,1,False
4610,17005,471,2,622.36,1,3,3,133,At Risk,0,True
4611,17006,5,8,1635.27,5,5,4,554,Champions,1,False
4612,17007,51,7,1120.1,4,4,3,443,Loyal Customers,1,False
4613,17008,429,1,81.36,1,2,1,121,Hibernating,0,True
4614,17009,551,1,242.06,1,2,1,121,Hibernating,0,True
4615,17010,18,1,195.36,5,2,1,521,Potential Loyalists,1,False
4616,17011,30,3,671.7,4,3,3,433,Potential Loyalists,1,False
4617,17012,725,1,360.61,1,2,2,122,At Risk,0,True
4618,17014,8,3,583.4300000000001,5,3,2,532,Potential Loyalists,1,False
4619,17015,29,3,1838.6100000000001,4,3,4,434,Potential Loyalists,1,False
4620,17016,577,1,552.4,1,2,2,122,At Risk,0,True
4621,17017,3,29,12576.99,5,5,5,555,Champions,1,False
4622,17018,41,6,2287.7,4,4,4,444,Champions,1,False
4623,17019,11,11,3602.29,5,5,5,555,Champions,1,False
4624,17020,542,2,935.62,1,3,3,133,At Risk,0,True
4625,17021,442,6,1182.22,1,4,3,143,At Risk,0,True
4626,17022,31,2,260.0,4,3,1,431,Potential Loyalists,1,False
4627,17023,417,3,800.18,1,3,3,133,At Risk,0,True
4628,17024,45,3,95.85,4,3,1,431,Potential Loyalists,1,False
4629,17025,61,5,1349.67,3,4,4,344,Loyal Customers,1,False
4630,17026,185,3,175.82999999999998,3,3,1,331,Potential Loyalists,1,True
4631,17027,79,9,1310.63,3,5,4,354,Loyal Customers,1,False
4632,17028,581,3,1593.83,1,3,4,134,At Risk,0,True
4633,17029,111,7,2137.3,3,4,4,344,Loyal Customers,1,False
4634,17030,64,1,146.87,3,2,1,321,Potential Loyalists,1,False
4635,17031,12,6,2773.85,5,4,4,544,Champions,1,False
4636,17032,548,8,2984.32,1,5,5,155,At Risk,0,True
4637,17033,86,4,1332.79,3,4,4,344,Loyal Customers,1,False
4638,17034,16,5,1276.42,5,4,4,544,Champions,1,False
4639,17035,246,4,613.59,2,4,3,243,At Risk,1,True
4640,17036,383,1,176.9,2,2,1,221,Hibernating,0,True
4641,17037,88,1,1267.32,3,2,4,324,Potential Loyalists,1,False
4642,17038,30,2,743.17,4,3,3,433,Potential Loyalists,1,False
4643,17039,604,1,1954.99,1,2,4,124,At Risk,0,True
4644,17040,138,2,463.25,3,3,2,332,Potential Loyalists,1,False
4645,17041,27,6,1655.2,4,4,4,444,Champions,1,False
4646,17042,3,5,1036.58,5,4,3,543,Loyal Customers,1,False
4647,17043,32,8,2593.65,4,5,4,454,Champions,1,False
4648,17044,25,12,11962.3,4,5,5,455,Champions,1,False
4649,17045,113,5,827.6800000000001,3,4,3,343,Loyal Customers,1,False
4650,17046,157,5,1906.07,3,4,4,344,Loyal Customers,1,False
4651,17047,85,6,2289.23,3,4,4,344,Loyal Customers,1,False
4652,17048,118,7,2071.68,3,4,4,344,Loyal Customers,1,False
4653,17049,3,19,9942.53,5,5,5,555,Champions,1,False
4654,17050,96,11,4648.59,3,5,5,355,Loyal Customers,1,False
4655,17051,194,4,706.49,2,4,3,243,At Risk,1,True
4656,17052,28,1,399.09,4,2,2,422,Potential Loyalists,1,False
4657,17053,131,1,498.48,3,2,2,322,Potential Loyalists,1,False
4658,17054,28,5,1356.33,4,4,4,444,Champions,1,False
4659,17055,446,1,232.85,1,2,1,121,Hibernating,0,True
4660,17056,738,1,128.60000000000002,1,2,1,121,Hibernating,0,True
4661,17057,596,1,294.74,1,2,2,122,At Risk,0,True
4662,17058,82,3,1179.89,3,3,3,333,Potential Loyalists,1,False
4663,17059,30,9,4864.57,4,5,5,455,Champions,1,False
4664,17060,266,1,234.24,2,2,1,221,Hibernating,0,True
4665,17061,74,11,5232.2300000000005,3,5,5,355,Loyal Customers,1,False
4666,17062,314,6,889.75,2,4,3,243,At Risk,0,True
4667,17063,21,13,3638.53,4,5,5,455,Champions,1,False
4668,17064,59,3,855.45,4,3,3,433,Potential Loyalists,1,False
4669,17065,638,2,194.7,1,3,1,131,Others,0,True
4670,17066,726,1,228.34,1,2,1,121,Hibernating,0,True
4671,17067,725,3,454.54,1,3,2,132,At Risk,0,True
4672,17068,12,47,8987.68,5,5,5,555,Champions,1,False
4673,17069,28,14,5517.2300000000005,4,5,5,455,Champions,1,False
4674,17070,114,2,437.42,3,3,2,332,Potential Loyalists,1,False
4675,17071,28,13,3793.71,4,5,5,455,Champions,1,False
4676,17072,625,1,273.35,1,2,1,121,Hibernating,0,True
4677,17073,18,4,1446.09,5,4,4,544,Champions,1,False
4678,17074,563,1,203.05,1,2,1,121,Hibernating,0,True
4679,17075,18,10,2236.63,5,5,4,554,Champions,1,False
4680,17076,36,6,1242.75,4,4,4,444,Champions,1,False
4681,17077,578,1,306.0,1,2,2,122,At Risk,0,True
4682,17078,36,2,378.2,4,3,2,432,Potential Loyalists,1,False
4683,17079,78,1,118.80000000000001,3,2,1,321,Potential Loyalists,1,False
4684,17080,22,7,957.53,4,4,3,443,Loyal Customers,1,False
4685,17081,25,6,949.39,4,4,3,443,Loyal Customers,1,False
4686,17082,33,6,4732.03,4,4,5,445,Champions,1,False
4687,17083,109,9,4049.79,3,5,5,355,Loyal Customers,1,False
4688,17084,35,3,5001.21,4,3,5,435,Potential Loyalists,1,False
4689,17085,123,28,7847.67,3,5,5,355,Loyal Customers,1,False
4690,17086,7,6,2050.08,5,4,4,544,Champions,1,False
4691,17087,738,1,221.53,1,2,1,121,Hibernating,0,True
4692,17088,28,4,1991.01,4,4,4,444,Champions,1,False
4693,17089,386,1,128.45,2,2,1,221,Hibernating,0,True
4694,17090,4,13,3080.1800000000003,5,5,5,555,Champions,1,False
4695,17091,3,19,7495.75,5,5,5,555,Champions,1,False
4696,17092,50,11,5511.41,4,5,5,455,Champions,1,False
4697,17093,593,1,235.88,1,2,1,121,Hibernating,0,True
4698,17094,322,2,402.20000000000005,2,3,2,232,At Risk,0,True
4699,17095,23,7,2572.25,4,4,4,444,Champions,1,False
4700,17096,15,11,3697.93,5,5,5,555,Champions,1,False
4701,17097,2,9,1143.36,5,5,3,553,Loyal Customers,1,False
4702,17098,382,3,591.0699999999999,2,3,2,232,At Risk,0,True
4703,17099,533,1,582.17,1,2,2,122,At Risk,0,True
4704,17100,18,2,971.74,5,3,3,533,Potential Loyalists,1,False
4705,17101,10,7,2507.05,5,4,4,544,Champions,1,False
4706,17102,262,1,25.5,2,2,1,221,Hibernating,0,True
4707,17103,722,1,424.3,1,2,2,122,At Risk,0,True
4708,17104,424,1,474.03,1,2,2,122,At Risk,0,True
4709,17105,159,2,665.78,3,3,3,333,Potential Loyalists,1,False
4710,17106,389,1,481.58,2,2,2,222,At Risk,0,True
4711,17107,33,10,16052.72,4,5,5,455,Champions,1,False
4712,17108,664,1,174.95,1,2,1,121,Hibernating,0,True
4713,17109,29,8,1291.71,4,5,4,454,Champions,1,False
4714,17110,165,3,499.9,3,3,2,332,Potential Loyalists,1,False
4715,17111,47,2,459.58,4,3,2,432,Potential Loyalists,1,False
4716,17112,503,1,197.57,1,2,1,121,Hibernating,0,True
4717,17113,574,6,2305.59,1,4,4,144,At Risk,0,True
4718,17114,6,8,801.12,5,5,3,553,Loyal Customers,1,False
4719,17115,8,7,2761.4900000000002,5,4,4,544,Champions,1,False
4720,17116,648,1,389.78,1,2,2,122,At Risk,0,True
4721,17117,288,1,116.19999999999999,2,2,1,221,Hibernating,0,True
4722,17118,318,1,157.02,2,2,1,221,Hibernating,0,True
4723,17119,3,2,606.91,5,3,2,532,Potential Loyalists,1,False
4724,17120,233,1,307.46,2,2,2,222,At Risk,1,True
4725,17121,403,1,314.74,2,2,2,222,At Risk,0,True
4726,17122,119,4,570.5,3,4,2,342,Loyal Customers,1,False
4727,17123,162,3,977.17,3,3,3,333,Potential Loyalists,1,False
4728,17124,185,1,294.24,3,2,2,322,Potential Loyalists,1,True
4729,17125,50,1,230.5,4,2,1,421,Potential Loyalists,1,False
4730,17126,152,9,2016.43,3,5,4,354,Loyal Customers,1,False
4731,17127,429,5,1155.0300000000002,1,4,3,143,At Risk,0,True
4732,17128,335,1,157.09,2,2,1,221,Hibernating,0,True
4733,17129,520,1,31.85,1,2,1,121,Hibernating,0,True
4734,17131,5,5,2463.17,5,4,4,544,Champions,1,False
4735,17132,452,2,1220.9099999999999,1,3,4,134,At Risk,0,True
4736,17133,16,12,14622.33,5,5,5,555,Champions,1,False
4737,17134,107,3,625.3,3,3,3,333,Potential Loyalists,1,False
4738,17135,16,10,1722.18,5,5,4,554,Champions,1,False
4739,17136,662,1,231.68,1,2,1,121,Hibernating,0,True
4740,17137,416,6,1099.81,1,4,3,143,At Risk,0,True
4741,17138,276,7,4417.27,2,4,5,245,At Risk,0,True
4742,17139,16,25,19566.76,5,5,5,555,Champions,1,False
4743,17140,247,1,454.12,2,2,2,222,At Risk,1,True
4744,17141,418,4,727.58,1,4,3,143,At Risk,0,True
4745,17142,239,4,1275.25,2,4,4,244,At Risk,1,True
4746,17143,417,2,880.97,1,3,3,133,At Risk,0,True
4747,17144,1,2,984.57,5,3,3,533,Potential Loyalists,1,False
4748,17145,513,4,3120.91,1,4,5,145,At Risk,0,True
4749,17146,106,13,5852.64,3,5,5,355,Loyal Customers,1,False
4750,17147,23,9,3199.95,4,5,5,455,Champions,1,False
4751,17148,52,1,124.88,4,2,1,421,Potential Loyalists,1,False
4752,17149,451,1,143.10000000000002,1,2,1,121,Hibernating,0,True
4753,17150,377,6,1357.95,2,4,4,244,At Risk,0,True
4754,17151,735,1,231.90000000000003,1,2,1,121,Hibernating,0,True
4755,17152,195,4,2016.5,2,4,4,244,At Risk,1,True
4756,17153,24,1,213.78,4,2,1,421,Potential Loyalists,1,False
4757,17154,75,1,329.34,3,2,2,322,Potential Loyalists,1,False
4758,17155,18,7,892.46,5,4,3,543,Loyal Customers,1,False
4759,17156,492,1,591.87,1,2,2,122,At Risk,0,True
4760,17157,8,19,5151.9,5,5,5,555,Champions,1,False
4761,17158,32,5,1980.0,4,4,4,444,Champions,1,False
4762,17159,22,5,2099.59,4,4,4,444,Champions,1,False
4763,17160,31,17,10209.16,4,5,5,455,Champions,1,False
4764,17161,444,1,856.01,1,2,3,123,At Risk,0,True
4765,17162,29,10,1715.46,4,5,4,454,Champions,1,False
4766,17163,22,4,699.78,4,4,3,443,Loyal Customers,1,False
4767,17164,33,7,2467.35,4,4,4,444,Champions,1,False
4768,17165,284,6,1794.32,2,4,4,244,At Risk,0,True
4769,17166,39,2,206.34,4,3,1,431,Potential Loyalists,1,False
4770,17167,380,3,867.11,2,3,3,233,At Risk,0,True
4771,17168,499,1,400.2,1,2,2,122,At Risk,0,True
4772,17169,58,3,1156.73,4,3,3,433,Potential Loyalists,1,False
4773,17170,374,2,178.68,2,3,1,231,Others,0,True
4774,17171,289,2,384.59,2,3,2,232,At Risk,0,True
4775,17172,79,3,956.5699999999999,3,3,3,333,Potential Loyalists,1,False
4776,17173,5,8,3766.6,5,5,5,555,Champions,1,False
4777,17174,218,1,59.9,2,2,1,221,Hibernating,1,True
4778,17175,44,4,1443.69,4,4,4,444,Champions,1,False
4779,17176,202,3,902.3199999999999,2,3,3,233,At Risk,1,True
4780,17177,505,1,119.5,1,2,1,121,Hibernating,0,True
4781,17178,731,1,432.96,1,2,2,122,At Risk,0,True
4782,17179,178,6,1507.26,3,4,4,344,Loyal Customers,1,False
4783,17180,56,11,2236.77,4,5,4,454,Champions,1,False
4784,17181,57,3,309.85,4,3,2,432,Potential Loyalists,1,False
4785,17182,423,2,321.3,1,3,2,132,At Risk,0,True
4786,17183,8,6,3347.31,5,4,5,545,Champions,1,False
4787,17184,569,2,198.41000000000003,1,3,1,131,Others,0,True
4788,17185,592,3,229.46,1,3,1,131,Others,0,True
4789,17186,47,2,144.0,4,3,1,431,Potential Loyalists,1,False
4790,17187,227,2,467.71,2,3,2,232,At Risk,1,True
4791,17188,11,13,4592.93,5,5,5,555,Champions,1,False
4792,17189,106,5,953.63,3,4,3,343,Loyal Customers,1,False
4793,17190,59,7,1726.57,4,4,4,444,Champions,1,False
4794,17191,28,15,4310.34,4,5,5,455,Champions,1,False
4795,17192,536,1,75.28,1,2,1,121,Hibernating,0,True
4796,17193,36,9,2310.04,4,5,4,454,Champions,1,False
4797,17194,274,3,812.5,2,3,3,233,At Risk,0,True
4798,17195,655,1,562.98,1,2,2,122,At Risk,0,True
4799,17196,428,1,327.75,1,2,2,122,At Risk,0,True
4800,17197,30,1,1013.01,4,2,3,423,Potential Loyalists,1,False
4801,17198,24,3,692.22,4,3,3,433,Potential Loyalists,1,False
4802,17199,582,1,135.04000000000002,1,2,1,121,Hibernating,0,True
4803,17200,387,4,356.71,2,4,2,242,At Risk,0,True
4804,17201,54,4,1143.1,4,4,3,443,Loyal Customers,1,False
4805,17202,421,1,160.65,1,2,1,121,Hibernating,0,True
4806,17203,36,10,5564.09,4,5,5,455,Champions,1,False
4807,17204,175,9,5504.6900000000005,3,5,5,355,Loyal Customers,1,False
4808,17205,54,3,999.35,4,3,3,433,Potential Loyalists,1,False
4809,17206,53,1,204.24,4,2,1,421,Potential Loyalists,1,False
4810,17207,652,1,292.62,1,2,2,122,At Risk,0,True
4811,17208,396,1,111.15,2,2,1,221,Hibernating,0,True
4812,17209,649,3,595.7,1,3,2,132,At Risk,0,True
4813,17210,393,1,251.72,2,2,1,221,Hibernating,0,True
4814,17211,27,13,3773.35,4,5,5,455,Champions,1,False
4815,17212,253,3,794.41,2,3,3,233,At Risk,1,True
4816,17213,40,13,4869.400000000001,4,5,5,455,Champions,1,False
4817,17214,60,6,1059.1200000000001,3,4,3,343,Loyal Customers,1,False
4818,17215,464,1,186.15,1,2,1,121,Hibernating,0,True
4819,17216,554,1,63.6,1,2,1,121,Hibernating,0,True
4820,17217,234,2,210.1,2,3,1,231,Others,1,True
4821,17218,4,18,3891.39,5,5,5,555,Champions,1,False
4822,17219,32,2,259.13,4,3,1,431,Potential Loyalists,1,False
4823,17220,24,21,4457.31,4,5,5,455,Champions,1,False
4824,17221,7,5,976.62,5,4,3,543,Loyal Customers,1,False
4825,17222,65,6,1579.51,3,4,4,344,Loyal Customers,1,False
4826,17223,310,3,558.04,2,3,2,232,At Risk,0,True
4827,17224,501,1,100.86,1,2,1,121,Hibernating,0,True
4828,17225,582,1,131.15,1,2,1,121,Hibernating,0,True
4829,17226,309,3,895.47,2,3,3,233,At Risk,0,True
4830,17227,19,12,1878.93,5,5,4,554,Champions,1,False
4831,17228,16,13,2820.03,5,5,4,554,Champions,1,False
4832,17229,96,2,318.76,3,3,2,332,Potential Loyalists,1,False
4833,17230,264,18,9388.49,2,5,5,255,At Risk,1,True
4834,17231,12,25,7064.8,5,5,5,555,Champions,1,False
4835,17232,3,2,417.77,5,3,2,532,Potential Loyalists,1,False
4836,17233,35,3,560.86,4,3,2,432,Potential Loyalists,1,False
4837,17234,183,1,149.89000000000001,3,2,1,321,Potential Loyalists,1,True
4838,17235,25,8,1562.98,4,5,4,454,Champions,1,False
4839,17236,13,12,1929.26,5,5,4,554,Champions,1,False
4840,17237,11,4,994.13,5,4,3,543,Loyal Customers,1,False
4841,17238,3,32,7331.67,5,5,5,555,Champions,1,False
4842,17239,313,4,1189.45,2,4,3,243,At Risk,0,True
4843,17240,596,1,130.6,1,2,1,121,Hibernating,0,True
4844,17241,385,12,2736.64,2,5,4,254,At Risk,0,True
4845,17242,108,5,2889.28,3,4,4,344,Loyal Customers,1,False
4846,17243,1,69,20203.58,5,5,5,555,Champions,1,False
4847,17244,53,5,1826.04,4,4,4,444,Champions,1,False
4848,17245,205,2,371.63,2,3,2,232,At Risk,1,True
4849,17246,547,2,38.92,1,3,1,131,Others,0,True
4850,17247,15,1,280.09000000000003,5,2,1,521,Potential Loyalists,1,False
4851,17248,120,2,500.54,3,3,2,332,Potential Loyalists,1,False
4852,17249,429,1,68.03,1,2,1,121,Hibernating,0,True
4853,17250,4,2,381.97,5,3,2,532,Potential Loyalists,1,False
4854,17251,363,3,798.98,2,3,3,233,At Risk,0,True
4855,17252,117,2,348.91,3,3,2,332,Potential Loyalists,1,False
4856,17253,18,1,178.26,5,2,1,521,Potential Loyalists,1,False
4857,17254,5,3,469.48,5,3,2,532,Potential Loyalists,1,False
4858,17255,41,4,781.7,4,4,3,443,Loyal Customers,1,False
4859,17256,107,5,498.93,3,4,2,342,Loyal Customers,1,False
4860,17257,436,2,189.78,1,3,1,131,Others,0,True
4861,17258,397,2,417.3,2,3,2,232,At Risk,0,True
4862,17259,148,6,1452.39,3,4,4,344,Loyal Customers,1,False
4863,17260,411,1,120.95,1,2,1,121,Hibernating,0,True
4864,17261,510,1,221.59,1,2,1,121,Hibernating,0,True
4865,17262,52,11,2488.76,4,5,4,454,Champions,1,False
4866,17263,208,1,63.440000000000005,2,2,1,221,Hibernating,1,True
4867,17264,424,1,268.28,1,2,1,121,Hibernating,0,True
4868,17265,139,2,550.01,3,3,2,332,Potential Loyalists,1,False
4869,17266,2,5,501.71999999999997,5,4,2,542,Loyal Customers,1,False
4870,17267,127,2,317.2,3,3,2,332,Potential Loyalists,1,False
4871,17268,108,11,1733.8899999999999,3,5,4,354,Loyal Customers,1,False
4872,17269,386,1,491.81,2,2,2,222,At Risk,0,True
4873,17270,469,2,601.4499999999999,1,3,2,132,At Risk,0,True
4874,17271,736,1,204.3,1,2,1,121,Hibernating,0,True
4875,17272,42,4,2148.63,4,4,4,444,Champions,1,False
4876,17273,424,1,141.12,1,2,1,121,Hibernating,0,True
4877,17274,35,2,573.22,4,3,2,432,Potential Loyalists,1,False
4878,17275,383,1,114.1,2,2,1,221,Hibernating,0,True
4879,17276,402,1,502.49,2,2,2,222,At Risk,0,True
4880,17277,228,2,1065.3500000000001,2,3,3,233,At Risk,1,True
4881,17278,241,2,271.24,2,3,1,231,Others,1,True
4882,17279,58,1,187.82999999999998,4,2,1,421,Potential Loyalists,1,False
4883,17280,438,1,118.85999999999999,1,2,1,121,Hibernating,0,True
4884,17281,374,6,797.8499999999999,2,4,3,243,At Risk,0,True
4885,17282,130,5,2308.54,3,4,4,344,Loyal Customers,1,False
4886,17283,379,1,188.46,2,2,1,221,Hibernating,0,True
4887,17284,60,8,2788.06,3,5,4,354,Loyal Customers,1,False
4888,17285,628,2,407.94,1,3,2,132,At Risk,0,True
4889,17286,22,3,389.18,4,3,2,432,Potential Loyalists,1,False
4890,17287,26,21,3826.86,4,5,5,455,Champions,1,False
4891,17288,9,11,2468.43,5,5,4,554,Champions,1,False
4892,17289,32,9,2041.8,4,5,4,454,Champions,1,False
4893,17290,4,8,1487.96,5,5,4,554,Champions,1,False
4894,17291,308,1,550.8000000000001,2,2,2,222,At Risk,0,True
4895,17292,472,2,271.75,1,3,1,131,Others,0,True
4896,17293,8,17,3750.63,5,5,5,555,Champions,1,False
4897,17294,669,2,467.78999999999996,1,3,2,132,At Risk,0,True
4898,17295,29,3,547.0,4,3,2,432,Potential Loyalists,1,False
4899,17296,730,1,338.13,1,2,2,122,At Risk,0,True
4900,17297,17,1,128.18,5,2,1,521,Potential Loyalists,1,False
4901,17298,101,5,954.26,3,4,3,343,Loyal Customers,1,False
4902,17299,12,6,993.23,5,4,3,543,Loyal Customers,1,False
4903,17300,391,2,393.64,2,3,2,232,At Risk,0,True
4904,17301,21,2,294.39,4,3,2,432,Potential Loyalists,1,False
4905,17302,15,5,1135.63,5,4,3,543,Loyal Customers,1,False
4906,17303,361,1,250.04,2,2,1,221,Hibernating,0,True
4907,17304,534,1,111.5,1,2,1,121,Hibernating,0,True
4908,17305,649,1,2135.46,1,2,4,124,At Risk,0,True
4909,17306,11,21,9782.35,5,5,5,555,Champions,1,False
4910,17307,395,11,3999.8900000000003,2,5,5,255,At Risk,0,True
4911,17308,393,2,4511.76,2,3,5,235,At Risk,0,True
4912,17309,95,3,320.39,3,3,2,332,Potential Loyalists,1,False
4913,17310,387,2,1025.1,2,3,3,233,At Risk,0,True
4914,17311,78,6,3566.56,3,4,5,345,Loyal Customers,1,False
4915,17312,139,3,644.3,3,3,3,333,Potential Loyalists,1,False
4916,17313,31,1,2328.84,4,2,4,424,Potential Loyalists,1,False
4917,17314,25,17,4904.43,4,5,5,455,Champions,1,False
4918,17315,2,43,9599.58,5,5,5,555,Champions,1,False
4919,17316,420,1,124.45,1,2,1,121,Hibernating,0,True
4920,17317,46,3,2600.34,4,3,4,434,Potential Loyalists,1,False
4921,17318,725,1,157.32999999999998,1,2,1,121,Hibernating,0,True
4922,17319,669,1,29.1,1,2,1,121,Hibernating,0,True
4923,17320,100,6,2444.85,3,4,4,344,Loyal Customers,1,False
4924,17321,8,6,1665.21,5,4,4,544,Champions,1,False
4925,17322,376,5,922.59,2,4,3,243,At Risk,0,True
4926,17323,15,12,1551.04,5,5,4,554,Champions,1,False
4927,17324,18,12,2171.07,5,5,4,554,Champions,1,False
4928,17325,280,3,609.5699999999999,2,3,3,233,At Risk,0,True
4929,17326,408,2,312.35,2,3,2,232,At Risk,0,True
4930,17327,410,2,152.35,2,3,1,231,Others,0,True
4931,17328,673,1,104.7,1,2,1,121,Hibernating,0,True
4932,17329,14,5,998.53,5,4,3,543,Loyal Customers,1,False
4933,17330,23,4,423.8,4,4,2,442,Loyal Customers,1,False
4934,17331,124,1,175.2,3,2,1,321,Potential Loyalists,1,False
4935,17332,528,5,838.27,1,4,3,143,At Risk,0,True
4936,17333,86,1,494.25,3,2,2,322,Potential Loyalists,1,False
4937,17334,302,3,635.15,2,3,3,233,At Risk,0,True
4938,17335,384,2,497.04,2,3,2,232,At Risk,0,True
4939,17336,472,1,81.12,1,2,1,121,Hibernating,0,True
4940,17337,151,4,1981.06,3,4,4,344,Loyal Customers,1,False
4941,17338,17,17,11889.33,5,5,5,555,Champions,1,False
4942,17339,94,3,302.36,3,3,2,332,Potential Loyalists,1,False
4943,17340,30,18,19617.95,4,5,5,455,Champions,1,False
4944,17341,157,5,1272.21,3,4,4,344,Loyal Customers,1,False
4945,17342,380,4,1227.54,2,4,4,244,At Risk,0,True
4946,17343,355,6,1259.94,2,4,4,244,At Risk,0,True
4947,17344,46,2,457.36,4,3,2,432,Potential Loyalists,1,False
4948,17345,15,10,1586.6299999999999,5,5,4,554,Champions,1,False
4949,17346,4,26,4998.61,5,5,5,555,Champions,1,False
4950,17347,86,1,228.96,3,2,1,321,Potential Loyalists,1,False
4951,17348,15,9,2442.29,5,5,4,554,Champions,1,False
4952,17349,179,5,772.41,3,4,3,343,Loyal Customers,1,False
4953,17350,8,7,1893.701,5,4,4,544,Champions,1,False
4954,17351,36,12,1988.23,4,5,4,454,Champions,1,False
4955,17352,696,1,36.25,1,2,1,121,Hibernating,0,True
4956,17353,129,4,3242.0,3,4,5,345,Loyal Customers,1,False
4957,17354,51,4,3133.96,4,4,5,445,Champions,1,False
4958,17355,386,1,273.31,2,2,1,221,Hibernating,0,True
4959,17356,312,5,946.47,2,4,3,243,At Risk,0,True
4960,17357,24,2,384.39,4,3,2,432,Potential Loyalists,1,False
4961,17358,303,5,861.01,2,4,3,243,At Risk,0,True
4962,17359,11,2,284.46,5,3,1,531,Potential Loyalists,1,False
4963,17360,17,6,1200.51,5,4,3,543,Loyal Customers,1,False
4964,17361,49,5,871.79,4,4,3,443,Loyal Customers,1,False
4965,17362,239,7,1024.04,2,4,3,243,At Risk,1,True
4966,17363,395,3,920.46,2,3,3,233,At Risk,0,True
4967,17364,1,28,11972.92,5,5,5,555,Champions,1,False
4968,17365,13,15,8184.49,5,5,5,555,Champions,1,False
4969,17366,432,2,1077.24,1,3,3,133,At Risk,0,True
4970,17367,238,1,167.55,2,2,1,221,Hibernating,1,True
4971,17368,23,14,2758.29,4,5,4,454,Champions,1,False
4972,17369,456,1,979.1999999999999,1,2,3,123,At Risk,0,True
4973,17370,73,4,446.18,3,4,2,342,Loyal Customers,1,False
4974,17371,17,6,655.37,5,4,3,543,Loyal Customers,1,False
4975,17372,41,28,4347.31,4,5,5,455,Champions,1,False
4976,17373,40,7,1167.5,4,4,3,443,Loyal Customers,1,False
4977,17374,219,3,727.11,2,3,3,233,At Risk,1,True
4978,17375,199,4,660.55,2,4,3,243,At Risk,1,True
4979,17376,71,4,453.64,3,4,2,342,Loyal Customers,1,False
4980,17377,24,78,17644.27,4,5,5,455,Champions,2,False
4981,17378,374,1,10.95,2,2,1,221,Hibernating,0,True
4982,17379,11,1,389.71999999999997,5,2,2,522,Potential Loyalists,1,False
4983,17380,434,3,645.0,1,3,3,133,At Risk,0,True
4984,17381,9,38,36398.65,5,5,5,555,Champions,1,False
4985,17382,65,8,902.28,3,5,3,353,Loyal Customers,1,False
4986,17383,4,2,304.09,5,3,2,532,Potential Loyalists,1,False
4987,17384,19,3,507.55,5,3,2,532,Potential Loyalists,1,False
4988,17385,15,1,256.11,5,2,1,521,Potential Loyalists,1,False
4989,17386,8,7,2812.77,5,4,4,544,Champions,1,False
4990,17387,20,2,746.81,4,3,3,433,Potential Loyalists,1,False
4991,17388,78,11,2675.37,3,5,4,354,Loyal Customers,1,False
4992,17389,1,61,57215.33,5,5,5,555,Champions,2,False
4993,17390,421,1,149.3,1,2,1,121,Hibernating,0,True
4994,17391,164,2,508.8,3,3,2,332,Potential Loyalists,1,False
4995,17392,307,3,585.92,2,3,2,232,At Risk,0,True
4996,17393,411,2,381.15,1,3,2,132,At Risk,0,True
4997,17394,219,1,203.86999999999998,2,2,1,221,Hibernating,1,True
4998,17395,508,1,97.5,1,2,1,121,Hibernating,0,True
4999,17396,39,14,8409.6,4,5,5,455,Champions,1,False
5000,17397,22,3,1198.28,4,3,3,433,Potential Loyalists,1,False
5001,17398,115,3,653.38,3,3,3,333,Potential Loyalists,1,False
5002,17400,126,8,4623.28,3,5,5,355,Loyal Customers,1,False
5003,17401,541,1,114.85,1,2,1,121,Hibernating,0,True
5004,17402,5,23,4635.5599999999995,5,5,5,555,Champions,1,False
5005,17403,36,2,382.87,4,3,2,432,Potential Loyalists,1,False
5006,17404,4,23,47781.12,5,5,5,555,Champions,1,False
5007,17405,1,3,1031.41,5,3,3,533,Potential Loyalists,1,False
5008,17406,333,13,4186.95,2,5,5,255,At Risk,0,True
5009,17407,412,1,552.9,1,2,2,122,At Risk,0,True
5010,17408,163,3,316.09000000000003,3,3,2,332,Potential Loyalists,1,False
5011,17409,185,10,7793.51,3,5,5,355,Loyal Customers,1,True
5012,17410,16,5,1214.72,5,4,3,543,Loyal Customers,1,False
5013,17411,12,5,1425.38,5,4,4,544,Champions,1,False
5014,17412,3,16,4220.22,5,5,5,555,Champions,1,False
5015,17413,405,2,560.14,2,3,2,232,At Risk,0,True
5016,17414,44,6,2249.52,4,4,4,444,Champions,1,False
5017,17415,80,1,507.84,3,2,2,322,Potential Loyalists,1,False
5018,17416,30,22,17298.45,4,5,5,455,Champions,1,False
5019,17417,549,1,164.18,1,2,1,121,Hibernating,0,True
5020,17418,42,3,670.0600000000001,4,3,3,433,Potential Loyalists,1,False
5021,17419,11,18,6126.25,5,5,5,555,Champions,1,False
5022,17420,50,6,953.58,4,4,3,443,Loyal Customers,1,False
5023,17421,386,3,1059.41,2,3,3,233,At Risk,0,True
5024,17422,16,11,3594.76,5,5,5,555,Champions,1,False
5025,17423,46,3,1118.95,4,3,3,433,Potential Loyalists,1,False
5026,17425,19,2,759.17,5,3,3,533,Potential Loyalists,1,False
5027,17426,8,13,8077.77,5,5,5,555,Champions,1,False
5028,17427,72,1,100.8,3,2,1,321,Potential Loyalists,1,False
5029,17428,1,45,31466.760000000002,5,5,5,555,Champions,1,False
5030,17429,128,5,1357.46,3,4,4,344,Loyal Customers,1,False
5031,17430,33,4,622.57,4,4,3,443,Loyal Customers,1,False
5032,17431,313,1,403.3,2,2,2,222,At Risk,0,True
5033,17432,18,9,1728.99,5,5,4,554,Champions,1,False
5034,17433,88,2,569.96,3,3,2,332,Potential Loyalists,1,False
5035,17434,2,7,2373.82,5,4,4,544,Champions,1,False
5036,17435,411,1,331.35,1,2,2,122,At Risk,0,True
5037,17436,2,5,534.06,5,4,2,542,Loyal Customers,1,False
5038,17437,530,1,369.68,1,2,2,122,At Risk,0,True
5039,17438,254,5,1422.77,2,4,4,244,At Risk,1,True
5040,17439,656,1,325.74,1,2,2,122,At Risk,0,True
5041,17440,157,4,323.58,3,4,2,342,Loyal Customers,1,False
5042,17441,732,1,293.35,1,2,2,122,At Risk,0,True
5043,17442,37,15,4620.3,4,5,5,455,Champions,1,False
5044,17443,220,1,534.24,2,2,2,222,At Risk,1,True
5045,17444,148,3,2940.04,3,3,5,335,Potential Loyalists,1,False
5046,17446,177,2,120.9,3,3,1,331,Potential Loyalists,1,False
5047,17447,40,2,541.53,4,3,2,432,Potential Loyalists,1,False
5048,17448,497,46,14523.67,1,5,5,155,At Risk,0,True
5049,17449,2,13,4868.15,5,5,5,555,Champions,1,False
5050,17450,8,51,244784.25,5,5,5,555,Champions,2,False
5051,17451,1,7,1721.4,5,4,4,544,Champions,1,False
5052,17453,18,2,486.71999999999997,5,3,2,532,Potential Loyalists,1,False
5053,17454,192,10,1547.94,2,5,4,254,At Risk,1,True
5054,17455,204,1,131.7,2,2,1,221,Hibernating,1,True
5055,17456,365,2,975.5600000000001,2,3,3,233,At Risk,0,True
5056,17457,127,14,5984.8099999999995,3,5,5,355,Loyal Customers,1,False
5057,17458,15,2,529.58,5,3,2,532,Potential Loyalists,1,False
5058,17459,43,2,657.3,4,3,3,433,Potential Loyalists,1,False
5059,17460,94,16,2157.9700000000003,3,5,4,354,Loyal Customers,1,False
5060,17461,23,3,735.82,4,3,3,433,Potential Loyalists,1,False
5061,17462,60,2,675.69,3,3,3,333,Potential Loyalists,1,False
5062,17463,16,7,2535.26,5,4,4,544,Champions,1,False
5063,17464,158,3,907.14,3,3,3,333,Potential Loyalists,1,False
5064,17465,426,7,2542.79,1,4,4,144,At Risk,0,True
5065,17466,10,2,763.28,5,3,3,533,Potential Loyalists,1,False
5066,17467,395,1,102.6,2,2,1,221,Hibernating,0,True
5067,17468,10,3,194.8,5,3,1,531,Potential Loyalists,1,False
5068,17469,16,17,5051.25,5,5,5,555,Champions,1,False
5069,17470,45,11,2626.47,4,5,4,454,Champions,1,False
5070,17471,475,1,321.65000000000003,1,2,2,122,At Risk,0,True
5071,17472,191,4,922.35,2,4,3,243,At Risk,1,True
5072,17473,409,2,607.0,2,3,2,232,At Risk,0,True
5073,17474,600,1,1047.0,1,2,3,123,At Risk,0,True
5074,17475,79,1,194.37,3,2,1,321,Potential Loyalists,1,False
5075,17476,396,2,489.86,2,3,2,232,At Risk,0,True
5076,17477,613,2,1144.3,1,3,3,133,At Risk,0,True
5077,17478,408,2,1272.8,2,3,4,234,At Risk,0,True
5078,17479,633,1,389.26000000000005,1,2,2,122,At Risk,0,True
5079,17480,78,2,882.23,3,3,3,333,Potential Loyalists,1,False
5080,17481,4,4,1255.59,5,4,4,544,Champions,1,False
5081,17482,487,2,775.64,1,3,3,133,At Risk,0,True
5082,17483,65,4,591.73,3,4,2,342,Loyal Customers,1,False
5083,17484,576,2,209.57,1,3,1,131,Others,0,True
5084,17486,261,1,396.87,2,2,2,222,At Risk,0,True
5085,17487,728,1,160.55,1,2,1,121,Hibernating,0,True
5086,17488,641,1,336.5,1,2,2,122,At Risk,0,True
5087,17489,59,2,376.64,4,3,2,432,Potential Loyalists,1,False
5088,17490,1,9,2750.5,5,5,4,554,Champions,1,False
5089,17491,1,17,5653.67,5,5,5,555,Champions,1,False
5090,17492,248,3,1122.42,2,3,3,233,At Risk,1,True
5091,17493,385,1,100.91000000000001,2,2,1,221,Hibernating,0,True
5092,17494,502,1,54.699999999999996,1,2,1,121,Hibernating,0,True
5093,17495,8,3,806.72,5,3,3,533,Potential Loyalists,1,False
5094,17496,359,4,1412.89,2,4,4,244,At Risk,0,True
5095,17497,390,2,287.25,2,3,2,232,At Risk,0,True
5096,17498,76,1,272.22,3,2,1,321,Potential Loyalists,1,False
5097,17499,290,2,1341.39,2,3,4,234,At Risk,0,True
5098,17500,17,3,1138.0,5,3,3,533,Potential Loyalists,1,False
5099,17501,221,2,288.6,2,3,2,232,At Risk,1,True
5100,17502,9,4,689.1,5,4,3,543,Loyal Customers,1,False
5101,17503,3,2,558.96,5,3,2,532,Potential Loyalists,1,False
5102,17504,206,18,9490.17,2,5,5,255,At Risk,1,True
5103,17505,162,5,2435.48,3,4,4,344,Loyal Customers,1,False
5104,17506,76,1,302.2,3,2,2,322,Potential Loyalists,1,False
5105,17507,262,2,605.58,2,3,2,232,At Risk,0,True
5106,17508,281,8,4579.23,2,5,5,255,At Risk,0,True
5107,17509,58,8,6083.64,4,5,5,455,Champions,1,False
5108,17510,25,2,514.56,4,3,2,432,Potential Loyalists,1,False
5109,17511,3,60,172132.87,5,5,5,555,Champions,2,False
5110,17512,29,18,5467.820000000001,4,5,5,455,Champions,1,False
5111,17513,72,3,1158.8,3,3,3,333,Potential Loyalists,1,False
5112,17514,128,2,522.0,3,3,2,332,Potential Loyalists,1,False
5113,17515,31,9,1602.51,4,5,4,454,Champions,1,False
5114,17516,15,6,947.5,5,4,3,543,Loyal Customers,1,False
5115,17517,309,1,153.94,2,2,1,221,Hibernating,0,True
5116,17518,426,2,329.42,1,3,2,132,At Risk,0,True
5117,17519,17,15,4774.17,5,5,5,555,Champions,1,False
5118,17520,54,1,546.81,4,2,2,422,Potential Loyalists,1,False
5119,17521,30,5,1278.06,4,4,4,444,Champions,1,False
5120,17522,2,5,1070.71,5,4,3,543,Loyal Customers,1,False
5121,17523,11,4,652.74,5,4,3,543,Loyal Customers,1,False
5122,17524,361,3,539.14,2,3,2,232,At Risk,0,True
5123,17525,360,3,1161.9,2,3,3,233,At Risk,0,True
5124,17526,5,12,3939.24,5,5,5,555,Champions,1,False
5125,17527,54,4,939.37,4,4,3,443,Loyal Customers,1,False
5126,17528,1,8,3628.5,5,5,5,555,Champions,1,False
5127,17529,610,2,1240.25,1,3,4,134,At Risk,0,True
5128,17530,1,12,2791.69,5,5,4,554,Champions,1,False
5129,17531,190,3,1266.82,2,3,4,234,At Risk,1,True
5130,17532,386,1,65.34,2,2,1,221,Hibernating,0,True
5131,17533,435,1,34.8,1,2,1,121,Hibernating,0,True
5132,17534,54,5,1668.83,4,4,4,444,Champions,1,False
5133,17535,280,1,164.4,2,2,1,221,Hibernating,0,True
5134,17536,177,3,364.83,3,3,2,332,Potential Loyalists,1,False
5135,17537,30,2,887.67,4,3,3,433,Potential Loyalists,1,False
5136,17538,26,1,98.42,4,2,1,421,Potential Loyalists,1,False
5137,17539,618,4,1176.84,1,4,3,143,At Risk,0,True
5138,17540,25,6,1590.6000000000001,4,4,4,444,Champions,1,False
5139,17541,510,1,119.86,1,2,1,121,Hibernating,0,True
5140,17542,270,3,340.85,2,3,2,232,At Risk,0,True
5141,17543,550,1,120.05,1,2,1,121,Hibernating,0,True
5142,17544,390,3,944.82,2,3,3,233,At Risk,0,True
5143,17545,43,6,1409.8600000000001,4,4,4,444,Champions,1,False
5144,17547,376,2,727.85,2,3,3,233,At Risk,0,True
5145,17548,234,4,731.26,2,4,3,243,At Risk,1,True
5146,17549,24,2,148.86,4,3,1,431,Potential Loyalists,1,False
5147,17550,197,9,2506.64,2,5,4,254,At Risk,1,True
5148,17551,359,1,290.34,2,2,2,222,At Risk,0,True
5149,17552,60,12,2786.77,3,5,4,354,Loyal Customers,1,False
5150,17553,130,4,3757.6,3,4,5,345,Loyal Customers,1,False
5151,17554,1,5,1952.45,5,4,4,544,Champions,1,False
5152,17555,20,5,1045.74,4,4,3,443,Loyal Customers,1,False
5153,17556,206,2,300.67,2,3,2,232,At Risk,1,True
5154,17557,14,4,575.46,5,4,2,542,Loyal Customers,1,False
5155,17558,393,1,259.17,2,2,1,221,Hibernating,0,True
5156,17559,513,1,167.62,1,2,1,121,Hibernating,0,True
5157,17560,95,8,1895.8,3,5,4,354,Loyal Customers,1,False
5158,17561,19,4,703.02,5,4,3,543,Loyal Customers,1,False
5159,17562,14,7,1122.38,5,4,3,543,Loyal Customers,1,False
5160,17563,578,2,392.38,1,3,2,132,At Risk,0,True
5161,17564,24,3,454.01,4,3,2,432,Potential Loyalists,1,False
5162,17565,587,1,131.83,1,2,1,121,Hibernating,0,True
5163,17566,8,2,869.77,5,3,3,533,Potential Loyalists,1,False
5164,17567,7,9,4838.08,5,5,5,555,Champions,1,False
5165,17568,633,1,374.45,1,2,2,122,At Risk,0,True
5166,17569,332,1,344.14,2,2,2,222,At Risk,0,True
5167,17570,382,1,100.0,2,2,1,221,Hibernating,0,True
5168,17571,50,5,1630.91,4,4,4,444,Champions,1,False
5169,17572,71,10,652.21,3,5,3,353,Loyal Customers,1,False
5170,17573,29,3,380.6,4,3,2,432,Potential Loyalists,1,False
5171,17574,243,1,185.65,2,2,1,221,Hibernating,1,True
5172,17575,667,1,171.7,1,2,1,121,Hibernating,0,True
5173,17576,8,41,8711.95,5,5,5,555,Champions,1,False
5174,17577,645,2,348.75,1,3,2,132,At Risk,0,True
5175,17578,218,7,1047.33,2,4,3,243,At Risk,1,True
5176,17579,5,4,753.28,5,4,3,543,Loyal Customers,1,False
5177,17580,253,5,541.02,2,4,2,242,At Risk,1,True
5178,17581,1,43,17951.170000000002,5,5,5,555,Champions,1,False
5179,17582,236,5,1446.95,2,4,4,244,At Risk,1,True
5180,17583,560,1,135.95,1,2,1,121,Hibernating,0,True
5181,17584,7,6,5309.42,5,4,5,545,Champions,1,False
5182,17585,109,7,2064.71,3,4,4,344,Loyal Customers,1,False
5183,17586,619,1,167.4,1,2,1,121,Hibernating,0,True
5184,17587,628,1,176.71,1,2,1,121,Hibernating,0,True
5185,17588,100,7,2939.55,3,4,5,345,Loyal Customers,1,False
5186,17589,60,18,13837.94,3,5,5,355,Loyal Customers,1,False
5187,17590,2,3,1468.02,5,3,4,534,Potential Loyalists,1,False
5188,17591,73,8,2339.32,3,5,4,354,Loyal Customers,1,False
5189,17592,739,1,148.3,1,2,1,121,Hibernating,0,True
5190,17593,4,11,8092.32,5,5,5,555,Champions,1,False
5191,17594,85,4,2497.88,3,4,4,344,Loyal Customers,1,False
5192,17595,12,2,386.69,5,3,2,532,Potential Loyalists,1,False
5193,17596,23,13,4491.46,4,5,5,455,Champions,1,False
5194,17597,214,5,3484.09,2,4,5,245,At Risk,1,True
5195,17598,381,1,409.98,2,2,2,222,At Risk,0,True
5196,17599,478,1,52.05,1,2,1,121,Hibernating,0,True
5197,17600,18,1,161.67000000000002,5,2,1,521,Potential Loyalists,1,False
5198,17601,239,2,413.08,2,3,2,232,At Risk,1,True
5199,17602,2,14,7354.43,5,5,5,555,Champions,1,False
5200,17603,78,4,1788.38,3,4,4,344,Loyal Customers,1,False
5201,17604,217,6,942.38,2,4,3,243,At Risk,1,True
5202,17605,590,1,160.75,1,2,1,121,Hibernating,0,True
5203,17606,737,1,87.30000000000001,1,2,1,121,Hibernating,0,True
5204,17607,376,1,333.81,2,2,2,222,At Risk,0,True
5205,17608,33,4,488.06,4,4,2,442,Loyal Customers,1,False
5206,17609,41,11,1887.8999999999999,4,5,4,454,Champions,1,False
5207,17610,540,5,1511.94,1,4,4,144,At Risk,0,True
5208,17611,7,28,8337.53,5,5,5,555,Champions,1,False
5209,17612,53,18,5394.86,4,5,5,455,Champions,1,False
5210,17613,23,14,4544.55,4,5,5,455,Champions,1,False
5211,17614,57,1,386.32,4,2,2,422,Potential Loyalists,1,False
5212,17615,130,6,721.8,3,4,3,343,Loyal Customers,1,False
5213,17616,174,4,734.4,3,4,3,343,Loyal Customers,1,False
5214,17617,559,1,385.19,1,2,2,122,At Risk,0,True
5215,17618,6,11,4001.64,5,5,5,555,Champions,1,False
5216,17619,312,1,214.37,2,2,1,221,Hibernating,0,True
5217,17620,60,1,81.44,3,2,1,321,Potential Loyalists,1,False
5218,17621,21,6,3175.12,4,4,5,445,Champions,1,False
5219,17622,598,2,1130.21,1,3,3,133,At Risk,0,True
5220,17623,33,7,2365.77,4,4,4,444,Champions,1,False
5221,17624,15,4,1568.63,5,4,4,544,Champions,1,False
5222,17625,18,8,5978.9,5,5,5,555,Champions,1,False
5223,17626,603,1,254.0,1,2,1,121,Hibernating,0,True
5224,17627,479,1,296.36,1,2,2,122,At Risk,0,True
5225,17628,81,1,75.75,3,2,1,321,Potential Loyalists,1,False
5226,17629,6,10,2455.52,5,5,4,554,Champions,1,False
5227,17630,170,2,503.59999999999997,3,3,2,332,Potential Loyalists,1,False
5228,17631,2,7,998.49,5,4,3,543,Loyal Customers,1,False
5229,17633,31,7,2057.39,4,4,4,444,Champions,1,False
5230,17634,36,9,2358.59,4,5,4,454,Champions,1,False
5231,17635,424,3,1265.58,1,3,4,134,At Risk,0,True
5232,17636,19,1,285.56,5,2,1,521,Potential Loyalists,1,False
5233,17637,31,2,547.0600000000001,4,3,2,432,Potential Loyalists,1,False
5234,17638,647,2,842.4,1,3,3,133,At Risk,0,True
5235,17639,276,6,615.17,2,4,3,243,At Risk,0,True
5236,17640,87,6,3168.94,3,4,5,345,Loyal Customers,1,False
5237,17642,120,5,1824.49,3,4,4,344,Loyal Customers,1,False
5238,17643,373,2,439.7,2,3,2,232,At Risk,0,True
5239,17644,1,20,6028.6,5,5,5,555,Champions,1,False
5240,17646,219,12,3898.79,2,5,5,255,At Risk,1,True
5241,17647,65,3,331.65999999999997,3,3,2,332,Potential Loyalists,1,False
5242,17648,61,5,2216.37,3,4,4,344,Loyal Customers,1,False
5243,17649,138,3,1578.89,3,3,4,334,Potential Loyalists,1,False
5244,17650,21,1,166.08,4,2,1,421,Potential Loyalists,1,False
5245,17651,12,16,5703.52,5,5,5,555,Champions,1,False
5246,17652,25,12,4867.72,4,5,5,455,Champions,1,False
5247,17653,37,4,1207.56,4,4,3,443,Loyal Customers,1,False
5248,17654,277,1,117.55,2,2,1,221,Hibernating,0,True
5249,17655,11,9,2976.38,5,5,5,555,Champions,1,False
5250,17656,73,5,1674.69,3,4,4,344,Loyal Customers,1,False
5251,17657,430,1,126.0,1,2,1,121,Hibernating,0,True
5252,17658,26,2,595.42,4,3,2,432,Potential Loyalists,1,False
5253,17659,17,14,3586.9900000000002,5,5,5,555,Champions,1,False
5254,17660,141,2,342.22,3,3,2,332,Potential Loyalists,1,False
5255,17662,662,2,412.92,1,3,2,132,At Risk,0,True
5256,17663,26,17,5175.83,4,5,5,455,Champions,1,False
5257,17664,19,4,1166.23,5,4,3,543,Loyal Customers,1,False
5258,17665,493,1,563.1,1,2,2,122,At Risk,0,True
5259,17666,4,5,2047.8,5,4,4,544,Champions,1,False
5260,17667,66,9,3950.7,3,5,5,355,Loyal Customers,1,False
5261,17668,1,2,347.75,5,3,2,532,Potential Loyalists,1,False
5262,17669,43,10,6142.35,4,5,5,455,Champions,1,False
5263,17670,228,1,205.7,2,2,1,221,Hibernating,1,True
5264,17671,16,5,2009.16,5,4,4,544,Champions,1,False
5265,17672,50,7,5778.63,4,4,5,445,Champions,1,False
5266,17673,2,13,4173.88,5,5,5,555,Champions,1,False
5267,17674,74,2,551.04,3,3,2,332,Potential Loyalists,1,False
5268,17675,1,70,37642.48,5,5,5,555,Champions,2,False
5269,17676,4,10,2448.64,5,5,4,554,Champions,1,False
5270,17677,2,54,35058.46,5,5,5,555,Champions,1,False
5271,17678,264,2,599.76,2,3,2,232,At Risk,0,True
5272,17679,53,7,3577.61,4,4,5,445,Champions,1,False
5273,17680,24,3,497.45,4,3,2,432,Potential Loyalists,1,False
5274,17681,597,5,731.2,1,4,3,143,At Risk,0,True
5275,17682,10,11,4065.28,5,5,5,555,Champions,1,False
5276,17683,386,3,819.01,2,3,3,233,At Risk,0,True
5277,17684,44,1,239.41,4,2,1,421,Potential Loyalists,1,False
5278,17685,17,12,5454.95,5,5,5,555,Champions,1,False
5279,17686,7,9,8296.81,5,5,5,555,Champions,1,False
5280,17687,421,1,432.68,1,2,2,122,At Risk,0,True
5281,17688,394,1,304.2,2,2,2,222,At Risk,0,True
5282,17689,388,2,317.08,2,3,2,232,At Risk,0,True
5283,17690,30,20,6963.8,4,5,5,455,Champions,1,False
5284,17691,358,4,637.5500000000001,2,4,3,243,At Risk,0,True
5285,17692,127,12,2975.8,3,5,5,355,Loyal Customers,1,False
5286,17693,137,1,200.47,3,2,1,321,Potential Loyalists,1,False
5287,17694,142,3,1695.97,3,3,4,334,Potential Loyalists,1,False
5288,17695,132,5,1746.04,3,4,4,344,Loyal Customers,1,False
5289,17696,38,27,7679.59,4,5,5,455,Champions,1,False
5290,17697,236,1,338.95,2,2,2,222,At Risk,1,True
5291,17698,261,1,154.95,2,2,1,221,Hibernating,0,True
5292,17699,477,2,442.0,1,3,2,132,At Risk,0,True
5293,17700,17,14,6679.97,5,5,5,555,Champions,1,False
5294,17701,253,1,417.95,2,2,2,222,At Risk,0,True
5295,17702,30,6,3144.04,4,4,5,445,Champions,1,False
5296,17703,35,4,1094.84,4,4,3,443,Loyal Customers,1,False
5297,17704,169,2,885.19,3,3,3,333,Potential Loyalists,1,False
5298,17705,3,11,2083.9,5,5,4,554,Champions,1,False
5299,17706,4,31,20272.15,5,5,5,555,Champions,1,False
5300,17707,185,8,609.3000000000001,3,5,3,353,Loyal Customers,1,True
5301,17708,188,4,884.1800000000001,3,4,3,343,Loyal Customers,1,True
5302,17709,170,5,671.01,3,4,3,343,Loyal Customers,1,False
5303,17710,424,1,293.5,1,2,2,122,At Risk,0,True
5304,17711,11,2,385.1,5,3,2,532,Potential Loyalists,1,False
5305,17712,45,1,522.91,4,2,2,422,Potential Loyalists,1,False
5306,17713,382,4,1198.09,2,4,3,243,At Risk,0,True
5307,17714,321,5,1410.18,2,4,4,244,At Risk,0,True
5308,17715,201,2,489.59999999999997,2,3,2,232,At Risk,1,True
5309,17716,23,24,15956.97,4,5,5,455,Champions,1,False
5310,17717,421,1,376.92,1,2,2,122,At Risk,0,True
5311,17718,232,2,439.18,2,3,2,232,At Risk,1,True
5312,17719,38,15,5396.04,4,5,5,455,Champions,1,False
5313,17720,26,10,2666.91,4,5,4,454,Champions,1,False
5314,17721,659,1,307.21000000000004,1,2,2,122,At Risk,0,True
5315,17722,96,5,3520.2200000000003,3,4,5,345,Loyal Customers,1,False
5316,17723,127,7,3378.4000000000005,3,4,5,345,Loyal Customers,1,False
5317,17724,71,3,1033.0,3,3,3,333,Potential Loyalists,1,False
5318,17725,16,11,3439.08,5,5,5,555,Champions,1,False
5319,17726,395,7,1092.06,2,4,3,243,At Risk,0,True
5320,17727,15,1,1060.25,5,2,3,523,Potential Loyalists,1,False
5321,17728,4,5,4238.76,5,4,5,545,Champions,1,False
5322,17729,596,1,438.65000000000003,1,2,2,122,At Risk,0,True
5323,17730,3,20,7773.8,5,5,5,555,Champions,1,False
5324,17731,79,6,1708.99,3,4,4,344,Loyal Customers,1,False
5325,17732,373,8,2166.42,2,5,4,254,At Risk,0,True
5326,17733,39,2,692.19,4,3,3,433,Potential Loyalists,1,False
5327,17734,54,6,1442.32,4,4,4,444,Champions,1,False
5328,17735,2,26,16790.33,5,5,5,555,Champions,1,False
5329,17736,9,3,377.44,5,3,2,532,Potential Loyalists,1,False
5330,17737,9,2,168.24,5,3,1,531,Potential Loyalists,1,False
5331,17738,19,13,4183.56,5,5,5,555,Champions,1,False
5332,17739,12,18,7730.59,5,5,5,555,Champions,1,False
5333,17740,389,6,426.9,2,4,2,242,At Risk,0,True
5334,17741,407,2,101.1,2,3,1,231,Others,0,True
5335,17742,113,11,2098.48,3,5,4,354,Loyal Customers,1,False
5336,17743,448,1,229.2,1,2,1,121,Hibernating,0,True
5337,17744,4,7,2649.14,5,4,4,544,Champions,1,False
5338,17745,478,2,600.34,1,3,2,132,At Risk,0,True
5339,17746,240,4,904.1800000000001,2,4,3,243,At Risk,1,True
5340,17747,113,1,71.4,3,2,1,321,Potential Loyalists,1,False
5341,17748,527,1,358.15,1,2,2,122,At Risk,0,True
5342,17749,178,3,1026.18,3,3,3,333,Potential Loyalists,1,False
5343,17750,5,9,1710.45,5,5,4,554,Champions,1,False
5344,17751,421,1,157.85999999999999,1,2,1,121,Hibernating,0,True
5345,17752,359,1,80.64,2,2,1,221,Hibernating,0,True
5346,17753,464,4,382.06,1,4,2,142,At Risk,0,True
5347,17754,1,13,4451.22,5,5,5,555,Champions,1,False
5348,17756,376,3,728.75,2,3,3,233,At Risk,0,True
5349,17757,1,56,9074.05,5,5,5,555,Champions,1,False
5350,17758,19,12,4964.03,5,5,5,555,Champions,1,False
5351,17759,17,5,1261.88,5,4,4,544,Champions,1,False
5352,17760,22,6,746.39,4,4,3,443,Loyal Customers,1,False
5353,17761,33,1,712.78,4,2,3,423,Potential Loyalists,1,False
5354,17762,456,1,129.75,1,2,1,121,Hibernating,0,True
5355,17763,263,4,86.15,2,4,1,241,Others,0,True
5356,17764,51,5,1513.57,4,4,4,444,Champions,1,False
5357,17765,159,4,524.0,3,4,2,342,Loyal Customers,1,False
5358,17766,381,2,299.61,2,3,2,232,At Risk,0,True
5359,17767,15,2,413.05,5,3,2,532,Potential Loyalists,1,False
5360,17768,8,7,3292.73,5,4,5,545,Champions,1,False
5361,17769,13,17,7053.38,5,5,5,555,Champions,1,False
5362,17770,199,5,1143.27,2,4,3,243,At Risk,1,True
5363,17771,57,4,387.41,4,4,2,442,Loyal Customers,1,False
5364,17772,11,3,360.75,5,3,2,532,Potential Loyalists,1,False
5365,17773,514,2,575.37,1,3,2,132,At Risk,0,True
5366,17774,97,9,3273.83,3,5,5,355,Loyal Customers,1,False
5367,17775,255,1,56.4,2,2,1,221,Hibernating,0,True
5368,17776,387,2,330.56,2,3,2,232,At Risk,0,True
5369,17777,25,3,647.56,4,3,3,433,Potential Loyalists,1,False
5370,17778,662,1,197.70000000000002,1,2,1,121,Hibernating,0,True
5371,17779,21,3,650.32,4,3,3,433,Potential Loyalists,1,False
5372,17780,667,3,346.56,1,3,2,132,At Risk,0,True
5373,17781,159,2,188.02,3,3,1,331,Potential Loyalists,1,False
5374,17782,383,2,679.02,2,3,3,233,At Risk,0,True
5375,17783,72,3,376.96,3,3,2,332,Potential Loyalists,1,False
5376,17784,550,1,112.86,1,2,1,121,Hibernating,0,True
5377,17785,53,3,403.38,4,3,2,432,Potential Loyalists,1,False
5378,17786,85,2,266.85,3,3,1,331,Potential Loyalists,1,False
5379,17787,153,4,1817.54,3,4,4,344,Loyal Customers,1,False
5380,17788,74,2,1117.9,3,3,3,333,Potential Loyalists,1,False
5381,17789,281,2,397.15,2,3,2,232,At Risk,0,True
5382,17790,27,20,2779.41,4,5,4,454,Champions,1,False
5383,17791,30,1,106.1,4,2,1,421,Potential Loyalists,1,False
5384,17792,467,2,368.35,1,3,2,132,At Risk,0,True
5385,17793,25,1,300.34,4,2,2,422,Potential Loyalists,1,False
5386,17794,687,2,147.3,1,3,1,131,Others,0,True
5387,17795,180,2,342.83,3,3,2,332,Potential Loyalists,1,False
5388,17796,40,7,1236.39,4,4,4,444,Champions,1,False
5389,17797,22,8,1971.87,4,5,4,454,Champions,1,False
5390,17798,582,1,178.07,1,2,1,121,Hibernating,0,True
5391,17799,22,20,6246.93,4,5,5,455,Champions,1,False
5392,17800,37,9,1187.21,4,5,3,453,Loyal Customers,1,False
5393,17801,451,3,770.03,1,3,3,133,At Risk,0,True
5394,17802,82,10,4946.22,3,5,5,355,Loyal Customers,1,False
5395,17803,392,1,184.66,2,2,1,221,Hibernating,0,True
5396,17804,376,3,383.78000000000003,2,3,2,232,At Risk,0,True
5397,17805,74,2,927.03,3,3,3,333,Potential Loyalists,1,False
5398,17806,11,1,546.04,5,2,2,522,Potential Loyalists,1,False
5399,17807,395,3,437.87,2,3,2,232,At Risk,0,True
5400,17808,549,4,262.64,1,4,1,141,Others,0,True
5401,17809,16,20,10085.89,5,5,5,555,Champions,1,False
5402,17810,669,2,373.16,1,3,2,132,At Risk,0,True
5403,17811,4,47,9519.8,5,5,5,555,Champions,1,False
5404,17812,13,7,911.99,5,4,3,543,Loyal Customers,1,False
5405,17813,14,5,1698.07,5,4,4,544,Champions,1,False
5406,17814,375,2,1609.37,2,3,4,234,At Risk,0,True
5407,17815,393,1,591.96,2,2,2,222,At Risk,0,True
5408,17816,37,6,96.11,4,4,1,441,Loyal Customers,1,False
5409,17817,4,6,788.15,5,4,3,543,Loyal Customers,1,False
5410,17818,738,1,124.78,1,2,1,121,Hibernating,0,True
5411,17819,72,12,6021.05,3,5,5,355,Loyal Customers,1,False
5412,17820,374,1,180.60999999999999,2,2,1,221,Hibernating,0,True
5413,17821,406,1,334.62,2,2,2,222,At Risk,0,True
5414,17822,420,5,2162.93,1,4,4,144,At Risk,0,True
5415,17823,421,2,449.25,1,3,2,132,At Risk,0,True
5416,17824,51,1,298.4,4,2,2,422,Potential Loyalists,1,False
5417,17825,599,4,701.96,1,4,3,143,At Risk,0,True
5418,17826,374,1,133.34,2,2,1,221,Hibernating,0,True
5419,17827,5,6,2376.17,5,4,4,544,Champions,1,False
5420,17828,23,4,1820.09,4,4,4,444,Champions,1,False
5421,17829,299,5,4756.74,2,4,5,245,At Risk,0,True
5422,17830,2,3,398.7,5,3,2,532,Potential Loyalists,1,False
5423,17831,33,1,35.400000000000006,4,2,1,421,Potential Loyalists,1,False
5424,17832,50,1,155.37,4,2,1,421,Potential Loyalists,1,False
5425,17833,723,1,338.46000000000004,1,2,2,122,At Risk,0,True
5426,17834,415,2,689.6700000000001,1,3,3,133,At Risk,0,True
5427,17835,3,3,342.24,5,3,2,532,Potential Loyalists,1,False
5428,17836,47,1,110.21000000000001,4,2,1,421,Potential Loyalists,1,False
5429,17837,42,8,1541.23,4,5,4,454,Champions,1,False
5430,17838,27,13,5604.64,4,5,5,455,Champions,1,False
5431,17839,42,1,318.15,4,2,2,422,Potential Loyalists,1,False
5432,17840,444,1,175.9,1,2,1,121,Hibernating,0,True
5433,17841,2,211,68545.25,5,5,5,555,Champions,2,False
5434,17842,602,1,430.69,1,2,2,122,At Risk,0,True
5435,17843,303,2,320.4,2,3,2,232,At Risk,0,True
5436,17844,107,1,51.559999999999995,3,2,1,321,Potential Loyalists,1,False
5437,17845,555,4,596.09,1,4,2,142,At Risk,0,True
5438,17846,85,1,2033.1,3,2,4,324,Potential Loyalists,1,False
5439,17847,516,2,129.69,1,3,1,131,Others,0,True
5440,17848,81,30,3559.11,3,5,5,355,Loyal Customers,1,False
5441,17849,218,8,1063.76,2,5,3,253,At Risk,1,True
5442,17850,372,155,51208.87,2,5,5,255,At Risk,2,True
5443,17851,422,6,1552.35,1,4,4,144,At Risk,0,True
5444,17852,12,5,657.8100000000001,5,4,3,543,Loyal Customers,1,False
5445,17853,407,3,1596.29,2,3,4,234,At Risk,0,True
5446,17854,185,6,1068.5,3,4,3,343,Loyal Customers,1,True
5447,17855,373,1,208.97,2,2,1,221,Hibernating,0,True
5448,17856,2,4,1418.03,5,4,4,544,Champions,1,False
5449,17857,4,24,27347.04,5,5,5,555,Champions,1,False
5450,17858,6,30,12518.65,5,5,5,555,Champions,1,False
5451,17859,305,1,141.92000000000002,2,2,1,221,Hibernating,0,True
5452,17860,369,4,717.39,2,4,3,243,At Risk,0,True
5453,17861,3,18,5088.29,5,5,5,555,Champions,1,False
5454,17862,324,4,1254.89,2,4,4,244,At Risk,0,True
5455,17863,59,12,5360.48,4,5,5,455,Champions,1,False
5456,17864,13,5,876.57,5,4,3,543,Loyal Customers,1,False
5457,17865,31,46,26312.190000000002,4,5,5,455,Champions,1,False
5458,17866,143,3,1134.95,3,3,3,333,Potential Loyalists,1,False
5459,17867,30,15,1582.0500000000002,4,5,4,454,Champions,1,False
5460,17868,386,1,227.15,2,2,1,221,Hibernating,0,True
5461,17869,107,7,813.64,3,4,3,343,Loyal Customers,1,False
5462,17870,2,13,2753.29,5,5,4,554,Champions,1,False
5463,17871,205,5,1068.95,2,4,3,243,At Risk,1,True
5464,17872,382,1,235.87,2,2,1,221,Hibernating,0,True
5465,17873,80,18,6265.33,3,5,5,355,Loyal Customers,1,False
5466,17874,185,6,683.46,3,4,3,343,Loyal Customers,1,True
5467,17875,688,1,167.1,1,2,1,121,Hibernating,0,True
5468,17876,400,3,3424.02,2,3,5,235,At Risk,0,True
5469,17877,170,1,237.61,3,2,1,321,Potential Loyalists,1,False
5470,17878,44,3,1378.93,4,3,4,434,Potential Loyalists,1,False
5471,17879,174,1,178.51999999999998,3,2,1,321,Potential Loyalists,1,False
5472,17880,365,3,824.9200000000001,2,3,3,233,At Risk,0,True
5473,17881,304,1,133.35000000000002,2,2,1,221,Hibernating,0,True
5474,17882,379,2,291.56,2,3,2,232,At Risk,0,True
5475,17883,3,7,988.42,5,4,3,543,Loyal Customers,1,False
5476,17884,4,20,2698.47,5,5,4,554,Champions,1,False
5477,17885,12,1,156.34,5,2,1,521,Potential Loyalists,1,False
5478,17886,32,6,1572.55,4,4,4,444,Champions,1,False
5479,17887,129,1,111.35,3,2,1,321,Potential Loyalists,1,False
5480,17888,21,25,1807.44,4,5,4,454,Champions,1,False
5481,17889,212,7,746.42,2,4,3,243,At Risk,1,True
5482,17890,323,2,586.89,2,3,2,232,At Risk,0,True
5483,17891,162,1,203.85999999999999,3,2,1,321,Potential Loyalists,1,False
5484,17892,56,3,244.1,4,3,1,431,Potential Loyalists,1,False
5485,17893,225,1,107.21,2,2,1,221,Hibernating,1,True
5486,17894,72,18,2304.58,3,5,4,354,Loyal Customers,1,False
5487,17895,44,1,95.45,4,2,1,421,Potential Loyalists,1,False
5488,17896,23,1,256.32,4,2,1,421,Potential Loyalists,1,False
5489,17897,173,9,2099.89,3,5,4,354,Loyal Customers,1,False
5490,17898,85,4,299.18,3,4,2,342,Loyal Customers,1,False
5491,17899,159,1,154.55,3,2,1,321,Potential Loyalists,1,False
5492,17900,190,2,112.19999999999999,2,3,1,231,Others,1,True
5493,17901,29,3,260.08,4,3,1,431,Potential Loyalists,1,False
5494,17902,547,1,216.39999999999998,1,2,1,121,Hibernating,0,True
5495,17903,394,1,381.09000000000003,2,2,2,222,At Risk,0,True
5496,17904,21,1,181.07,4,2,1,421,Potential Loyalists,1,False
5497,17905,71,13,2178.87,3,5,4,354,Loyal Customers,1,False
5498,17906,247,1,72.9,2,2,1,221,Hibernating,1,True
5499,17907,641,1,291.76,1,2,2,122,At Risk,0,True
5500,17908,374,5,1142.47,2,4,3,243,At Risk,0,True
5501,17909,737,1,110.05,1,2,1,121,Hibernating,0,True
5502,17910,726,1,261.7,1,2,1,121,Hibernating,0,True
5503,17911,9,1,366.23,5,2,2,522,Potential Loyalists,1,False
5504,17912,310,6,374.55,2,4,2,242,At Risk,0,True
5505,17913,59,14,3429.29,4,5,5,455,Champions,1,False
5506,17914,4,1,329.36,5,2,2,522,Potential Loyalists,1,False
5507,17915,551,1,225.78,1,2,1,121,Hibernating,0,True
5508,17916,629,2,43.87,1,3,1,131,Others,0,True
5509,17917,45,3,335.03,4,3,2,432,Potential Loyalists,1,False
5510,17918,501,3,396.39,1,3,2,132,At Risk,0,True
5511,17919,88,2,1840.32,3,3,4,334,Potential Loyalists,1,False
5512,17920,4,54,23581.78,5,5,5,555,Champions,1,False
5513,17921,64,10,2394.36,3,5,4,354,Loyal Customers,1,False
5514,17922,543,1,170.4,1,2,1,121,Hibernating,0,True
5515,17923,282,3,497.0,2,3,2,232,At Risk,0,True
5516,17924,12,8,3257.7000000000003,5,5,5,555,Champions,1,False
5517,17925,373,1,244.08,2,2,1,221,Hibernating,0,True
5518,17926,133,5,1035.49,3,4,3,343,Loyal Customers,1,False
5519,17927,722,1,294.0,1,2,2,122,At Risk,0,True
5520,17928,45,3,341.24,4,3,2,432,Potential Loyalists,1,False
5521,17929,11,12,3082.1,5,5,5,555,Champions,1,False
5522,17930,36,13,4275.22,4,5,5,455,Champions,1,False
5523,17931,134,14,3402.24,3,5,5,355,Loyal Customers,1,False
5524,17932,29,3,1331.57,4,3,4,434,Potential Loyalists,1,False
5525,17933,632,1,114.69,1,2,1,121,Hibernating,0,True
5526,17934,52,3,1049.15,4,3,3,433,Potential Loyalists,1,False
5527,17935,138,7,686.14,3,4,3,343,Loyal Customers,1,False
5528,17936,5,1,380.13,5,2,2,522,Potential Loyalists,1,False
5529,17937,9,7,4301.22,5,4,5,545,Champions,1,False
5530,17938,420,1,144.29,1,2,1,121,Hibernating,0,True
5531,17939,160,1,99.14,3,2,1,321,Potential Loyalists,1,False
5532,17940,49,16,30306.79,4,5,5,455,Champions,1,False
5533,17941,131,4,1433.28,3,4,4,344,Loyal Customers,1,False
5534,17942,8,1,77.50000000000001,5,2,1,521,Potential Loyalists,1,False
5535,17944,423,1,74.99,1,2,1,121,Hibernating,0,True
5536,17945,697,3,360.35,1,3,2,132,At Risk,0,True
5537,17946,233,2,149.57999999999998,2,3,1,231,Others,1,True
5538,17947,37,1,176.68,4,2,1,421,Potential Loyalists,1,False
5539,17948,147,1,358.56000000000006,3,2,2,322,Potential Loyalists,1,False
5540,17949,1,118,117314.08,5,5,5,555,Champions,2,False
5541,17950,72,7,1166.29,3,4,3,343,Loyal Customers,1,False
5542,17951,40,4,1340.5800000000002,4,4,4,444,Champions,1,False
5543,17952,378,4,788.46,2,4,3,243,At Risk,0,True
5544,17953,540,1,159.17000000000002,1,2,1,121,Hibernating,0,True
5545,17954,5,19,3804.38,5,5,5,555,Champions,1,False
5546,17955,199,6,949.9,2,4,3,243,At Risk,1,True
5547,17956,249,1,12.75,2,2,1,221,Hibernating,1,True
5548,17957,66,1,111.68,3,2,1,321,Potential Loyalists,1,False
5549,17958,117,2,973.88,3,3,3,333,Potential Loyalists,1,False
5550,17959,592,1,140.75,1,2,1,121,Hibernating,0,True
5551,17960,171,3,135.08,3,3,1,331,Potential Loyalists,1,False
5552,17961,21,100,2866.74,4,5,4,454,Champions,2,False
5553,17962,142,4,666.96,3,4,3,343,Loyal Customers,1,False
5554,17963,471,4,643.16,1,4,3,143,At Risk,0,True
5555,17964,32,2,463.21,4,3,2,432,Potential Loyalists,1,False
5556,17965,38,29,7006.65,4,5,5,455,Champions,1,False
5557,17966,38,10,1963.92,4,5,4,454,Champions,1,False
5558,17967,372,2,223.42,2,3,1,231,Others,0,True
5559,17968,374,4,590.4399999999999,2,4,2,242,At Risk,0,True
5560,17969,166,20,2354.29,3,5,4,354,Loyal Customers,1,False
5561,17970,211,1,562.79,2,2,2,222,At Risk,1,True
5562,17971,548,1,161.94,1,2,1,121,Hibernating,0,True
5563,17972,242,1,135.19,2,2,1,221,Hibernating,1,True
5564,17973,52,1,337.04,4,2,2,422,Potential Loyalists,1,False
5565,17974,25,6,1739.09,4,4,4,444,Champions,1,False
5566,17975,15,24,6696.33,5,5,5,555,Champions,1,False
5567,17976,372,1,321.79,2,2,2,222,At Risk,0,True
5568,17977,29,2,1511.45,4,3,4,434,Potential Loyalists,1,False
5569,17978,365,4,1159.99,2,4,3,243,At Risk,0,True
5570,17979,36,4,732.41,4,4,3,443,Loyal Customers,1,False
5571,17980,166,4,1012.72,3,4,3,343,Loyal Customers,1,False
5572,17981,411,1,239.12,1,2,1,121,Hibernating,0,True
5573,17982,681,1,138.18,1,2,1,121,Hibernating,0,True
5574,17983,395,1,171.71,2,2,1,221,Hibernating,0,True
5575,17984,145,5,1152.19,3,4,3,343,Loyal Customers,1,False
5576,17985,22,1,631.35,4,2,3,423,Potential Loyalists,1,False
5577,17986,56,1,20.8,4,2,1,421,Potential Loyalists,1,False
5578,17987,185,5,965.4399999999999,3,4,3,343,Loyal Customers,1,True
5579,17988,12,14,489.54,5,5,2,552,Loyal Customers,1,False
5580,17989,379,1,207.32999999999998,2,2,1,221,Hibernating,0,True
5581,17990,237,6,1527.6100000000001,2,4,4,244,At Risk,1,True
5582,17991,225,3,300.3,2,3,2,232,At Risk,1,True
5583,17992,389,1,252.88,2,2,1,221,Hibernating,0,True
5584,17993,617,1,225.99,1,2,1,121,Hibernating,0,True
5585,17994,122,11,2270.0299999999997,3,5,4,354,Loyal Customers,1,False
5586,17995,282,3,495.48,2,3,2,232,At Risk,0,True
5587,17996,380,3,482.33,2,3,2,232,At Risk,0,True
5588,17997,74,8,1962.46,3,5,4,354,Loyal Customers,1,False
5589,17998,380,3,639.24,2,3,3,233,At Risk,0,True
5590,17999,37,3,528.46,4,3,2,432,Potential Loyalists,1,False
5591,18000,564,1,124.25,1,2,1,121,Hibernating,0,True
5592,18001,12,6,924.14,5,4,3,543,Loyal Customers,1,False
5593,18002,376,4,244.37,2,4,1,241,Others,0,True
5594,18003,376,1,353.51,2,2,2,222,At Risk,0,True
5595,18004,362,1,157.92,2,2,1,221,Hibernating,0,True
5596,18005,4,2,226.47,5,3,1,531,Potential Loyalists,1,False
5597,18006,23,4,969.51,4,4,3,443,Loyal Customers,1,False
5598,18007,393,1,215.22,2,2,1,221,Hibernating,0,True
5599,18008,70,23,19759.079999999998,3,5,5,355,Loyal Customers,1,False
5600,18009,235,8,2144.23,2,5,4,254,At Risk,1,True
5601,18010,257,1,174.8,2,2,1,221,Hibernating,0,True
5602,18011,373,2,410.79,2,3,2,232,At Risk,0,True
5603,18012,723,1,115.3,1,2,1,121,Hibernating,0,True
5604,18013,155,2,187.29,3,3,1,331,Potential Loyalists,1,False
5605,18014,28,1,162.22,4,2,1,421,Potential Loyalists,1,False
5606,18015,4,1,120.03,5,2,1,521,Potential Loyalists,1,False
5607,18016,32,7,1954.56,4,4,4,444,Champions,1,False
5608,18017,81,4,688.0,3,4,3,343,Loyal Customers,1,False
5609,18018,108,4,297.99,3,4,2,342,Loyal Customers,1,False
5610,18019,52,1,38.45,4,2,1,421,Potential Loyalists,1,False
5611,18020,544,1,190.48000000000002,1,2,1,121,Hibernating,0,True
5612,18021,510,2,216.41,1,3,1,131,Others,0,True
5613,18022,36,5,1507.25,4,4,4,444,Champions,1,False
5614,18024,153,2,389.78,3,3,2,332,Potential Loyalists,1,False
5615,18025,380,6,1177.72,2,4,3,243,At Risk,0,True
5616,18026,501,2,2074.07,1,3,4,134,At Risk,0,True
5617,18027,99,1,115.31,3,2,1,321,Potential Loyalists,1,False
5618,18028,583,1,192.05,1,2,1,121,Hibernating,0,True
5619,18029,642,1,433.77,1,2,2,122,At Risk,0,True
5620,18030,4,2,230.64999999999998,5,3,1,531,Potential Loyalists,1,False
5621,18031,379,1,451.3,2,2,2,222,At Risk,0,True
5622,18032,334,1,73.5,2,2,1,221,Hibernating,0,True
5623,18033,65,1,93.82000000000001,3,2,1,321,Potential Loyalists,1,False
5624,18034,22,3,754.2,4,3,3,433,Potential Loyalists,1,False
5625,18035,36,5,1260.23,4,4,4,444,Champions,1,False
5626,18036,32,11,1545.49,4,5,4,454,Champions,1,False
5627,18037,154,15,167.42,3,5,1,351,Loyal Customers,1,False
5628,18038,556,1,141.48,1,2,1,121,Hibernating,0,True
5629,18039,374,4,548.22,2,4,2,242,At Risk,0,True
5630,18040,19,2,357.20000000000005,5,3,2,532,Potential Loyalists,1,False
5631,18041,12,38,8018.7699999999995,5,5,5,555,Champions,1,False
5632,18042,54,2,281.15,4,3,1,431,Potential Loyalists,1,False
5633,18043,25,3,529.29,4,3,2,432,Potential Loyalists,1,False
5634,18044,4,18,3505.61,5,5,5,555,Champions,1,False
5635,18045,45,1,178.34,4,2,1,421,Potential Loyalists,1,False
5636,18046,650,1,189.63,1,2,1,121,Hibernating,0,True
5637,18047,381,2,326.09,2,3,2,232,At Risk,0,True
5638,18048,203,3,394.93,2,3,2,232,At Risk,1,True
5639,18049,437,2,500.92,1,3,2,132,At Risk,0,True
5640,18050,359,2,412.06,2,3,2,232,At Risk,0,True
5641,18051,634,7,2282.28,1,4,4,144,At Risk,0,True
5642,18052,565,1,10877.18,1,2,5,125,At Risk,0,True
5643,18053,71,3,571.07,3,3,2,332,Potential Loyalists,1,False
5644,18054,393,1,176.5,2,2,1,221,Hibernating,0,True
5645,18055,7,14,10142.64,5,5,5,555,Champions,1,False
5646,18056,288,2,554.6,2,3,2,232,At Risk,0,True
5647,18057,393,3,1188.46,2,3,3,233,At Risk,0,True
5648,18058,10,3,774.06,5,3,3,533,Potential Loyalists,1,False
5649,18059,23,3,306.46,4,3,2,432,Potential Loyalists,1,False
5650,18060,408,2,1185.46,2,3,3,233,At Risk,0,True
5651,18061,22,28,6083.81,4,5,5,455,Champions,1,False
5652,18062,173,6,1632.67,3,4,4,344,Loyal Customers,1,False
5653,18063,391,2,186.60000000000002,2,3,1,231,Others,0,True
5654,18064,133,11,4481.83,3,5,5,355,Loyal Customers,1,False
5655,18065,6,29,5866.63,5,5,5,555,Champions,1,False
5656,18066,75,3,1440.4,3,3,4,334,Potential Loyalists,1,False
5657,18067,40,1,396.33,4,2,2,422,Potential Loyalists,1,False
5658,18068,289,1,101.69999999999999,2,2,1,221,Hibernating,0,True
5659,18069,26,11,4464.92,4,5,5,455,Champions,1,False
5660,18070,669,1,314.1,1,2,2,122,At Risk,0,True
5661,18071,258,6,1169.68,2,4,3,243,At Risk,1,True
5662,18072,186,1,247.44,3,2,1,321,Potential Loyalists,1,True
5663,18073,114,12,3859.82,3,5,5,355,Loyal Customers,1,False
5664,18074,374,2,1019.44,2,3,3,233,At Risk,0,True
5665,18075,23,20,5783.29,4,5,5,455,Champions,1,False
5666,18076,380,1,151.49,2,2,1,221,Hibernating,0,True
5667,18077,8,18,4078.79,5,5,5,555,Champions,1,False
5668,18078,217,4,725.53,2,4,3,243,At Risk,1,True
5669,18079,45,5,4203.93,4,4,5,445,Champions,1,False
5670,18080,19,2,1231.5,5,3,4,534,Potential Loyalists,1,False
5671,18081,36,3,343.45,4,3,2,432,Potential Loyalists,1,False
5672,18082,26,1,680.84,4,2,3,423,Potential Loyalists,1,False
5673,18083,398,1,463.53,2,2,2,222,At Risk,0,True
5674,18084,16,3,795.2299999999999,5,3,3,533,Potential Loyalists,1,False
5675,18085,330,4,1341.8500000000001,2,4,4,244,At Risk,0,True
5676,18086,274,1,101.34,2,2,1,221,Hibernating,0,True
5677,18087,98,17,14761.519999999999,3,5,5,355,Loyal Customers,1,False
5678,18088,61,1,166.03,3,2,1,321,Potential Loyalists,1,False
5679,18089,447,1,428.45,1,2,2,122,At Risk,0,True
5680,18090,422,1,321.9,1,2,2,122,At Risk,0,True
5681,18091,593,1,360.85,1,2,2,122,At Risk,0,True
5682,18092,2,18,14693.72,5,5,5,555,Champions,1,False
5683,18093,93,8,4452.71,3,5,5,355,Loyal Customers,1,False
5684,18094,82,13,6391.52,3,5,5,355,Loyal Customers,1,False
5685,18095,313,5,2303.09,2,4,4,244,At Risk,0,True
5686,18096,12,6,1657.87,5,4,4,544,Champions,1,False
5687,18097,8,11,4627.92,5,5,5,555,Champions,1,False
5688,18098,396,1,527.94,2,2,2,222,At Risk,0,True
5689,18099,127,1,168.31,3,2,1,321,Potential Loyalists,1,False
5690,18100,550,1,451.56,1,2,2,122,At Risk,0,True
5691,18101,11,5,622.01,5,4,3,543,Loyal Customers,1,False
5692,18102,1,145,580987.04,5,5,5,555,Champions,3,False
5693,18103,549,1,105.8,1,2,1,121,Hibernating,0,True
5694,18104,37,1,754.64,4,2,3,423,Potential Loyalists,1,False
5695,18105,38,1,113.48000000000002,4,2,1,421,Potential Loyalists,1,False
5696,18106,330,6,1441.06,2,4,4,244,At Risk,0,True
5697,18107,442,1,165.88,1,2,1,121,Hibernating,0,True
5698,18108,254,3,848.8100000000001,2,3,3,233,At Risk,1,True
5699,18109,2,38,9555.71,5,5,5,555,Champions,1,False
5700,18110,20,2,392.28000000000003,4,3,2,432,Potential Loyalists,1,False
5701,18111,589,1,405.85,1,2,2,122,At Risk,0,True
5702,18112,12,4,773.36,5,4,3,543,Loyal Customers,1,False
5703,18113,369,1,76.32000000000001,2,2,1,221,Hibernating,0,True
5704,18114,290,1,220.1,2,2,1,221,Hibernating,0,True
5705,18115,698,1,9.700000000000001,1,2,1,121,Hibernating,0,True
5706,18116,68,13,2134.4900000000002,3,5,4,354,Loyal Customers,1,False
5707,18117,26,1,315.65,4,2,2,422,Potential Loyalists,1,False
5708,18118,11,29,6221.02,5,5,5,555,Champions,1,False
5709,18119,368,1,180.7,2,2,1,221,Hibernating,0,True
5710,18120,214,1,111.15,2,2,1,221,Hibernating,1,True
5711,18121,149,2,653.3,3,3,3,333,Potential Loyalists,1,False
5712,18122,8,6,1793.06,5,4,4,544,Champions,1,False
5713,18123,24,3,666.64,4,3,3,433,Potential Loyalists,1,False
5714,18124,472,1,102.65,1,2,1,121,Hibernating,0,True
5715,18125,30,4,1131.75,4,4,3,443,Loyal Customers,1,False
5716,18126,61,1,200.92000000000002,3,2,1,321,Potential Loyalists,1,False
5717,18127,19,4,556.13,5,4,2,542,Loyal Customers,1,False
5718,18128,537,1,399.29,1,2,2,122,At Risk,0,True
5719,18129,243,1,112.55000000000001,2,2,1,221,Hibernating,1,True
5720,18130,15,3,1059.39,5,3,3,533,Potential Loyalists,1,False
5721,18131,632,1,222.95999999999998,1,2,1,121,Hibernating,0,True
5722,18132,504,1,220.13,1,2,1,121,Hibernating,0,True
5723,18133,212,1,931.4999999999999,2,2,3,223,At Risk,1,True
5724,18134,598,2,445.0,1,3,2,132,At Risk,0,True
5725,18135,29,10,1249.6200000000001,4,5,4,454,Champions,1,False
5726,18136,63,5,1631.3600000000001,3,4,4,344,Loyal Customers,1,False
5727,18137,551,2,145.99,1,3,1,131,Others,0,True
5728,18138,295,1,152.65,2,2,1,221,Hibernating,0,True
5729,18139,18,6,8438.34,5,4,5,545,Champions,1,False
5730,18140,474,1,536.41,1,2,2,122,At Risk,0,True
5731,18141,402,2,882.47,2,3,3,233,At Risk,0,True
5732,18142,157,2,1019.52,3,3,3,333,Potential Loyalists,1,False
5733,18143,117,2,1000.16,3,3,3,333,Potential Loyalists,1,False
5734,18144,8,19,4892.95,5,5,5,555,Champions,1,False
5735,18145,13,11,5609.74,5,5,5,555,Champions,1,False
5736,18146,141,2,160.35000000000002,3,3,1,331,Potential Loyalists,1,False
5737,18147,46,2,179.33999999999997,4,3,1,431,Potential Loyalists,1,False
5738,18148,647,1,112.85000000000001,1,2,1,121,Hibernating,0,True
5739,18149,51,7,1553.96,4,4,4,444,Champions,1,False
5740,18150,32,3,566.58,4,3,2,432,Potential Loyalists,1,False
5741,18151,135,6,1879.44,3,4,4,344,Loyal Customers,1,False
5742,18152,646,1,426.69,1,2,2,122,At Risk,0,True
5743,18153,659,1,246.22,1,2,1,121,Hibernating,0,True
5744,18154,3,5,932.6,5,4,3,543,Loyal Customers,1,False
5745,18155,75,3,371.62,3,3,2,332,Potential Loyalists,1,False
5746,18156,13,2,675.64,5,3,3,533,Potential Loyalists,1,False
5747,18157,571,1,213.9,1,2,1,121,Hibernating,0,True
5748,18158,9,2,453.4,5,3,2,532,Potential Loyalists,1,False
5749,18159,301,1,530.15,2,2,2,222,At Risk,0,True
5750,18160,57,3,1003.88,4,3,3,433,Potential Loyalists,1,False
5751,18161,15,6,1803.1000000000001,5,4,4,544,Champions,1,False
5752,18162,732,1,371.51,1,2,2,122,At Risk,0,True
5753,18163,584,1,728.84,1,2,3,123,At Risk,0,True
5754,18164,37,1,399.65000000000003,4,2,2,422,Potential Loyalists,1,False
5755,18165,177,1,302.46000000000004,3,2,2,322,Potential Loyalists,1,False
5756,18166,624,1,175.5,1,2,1,121,Hibernating,0,True
5757,18167,23,3,1384.8600000000001,4,3,4,434,Potential Loyalists,1,False
5758,18168,176,16,3435.5,3,5,5,355,Loyal Customers,1,False
5759,18169,61,1,202.65,3,2,1,321,Potential Loyalists,1,False
5760,18170,33,9,2878.0,4,5,4,454,Champions,1,False
5761,18171,59,9,2437.31,4,5,4,454,Champions,1,False
5762,18172,15,52,17467.24,5,5,5,555,Champions,1,False
5763,18173,87,5,2696.36,3,4,4,344,Loyal Customers,1,False
5764,18174,7,2,162.5,5,3,1,531,Potential Loyalists,1,False
5765,18175,676,1,176.1,1,2,1,121,Hibernating,0,True
5766,18176,358,1,476.35,2,2,2,222,At Risk,0,True
5767,18177,31,9,2216.32,4,5,4,454,Champions,1,False
5768,18178,129,11,6103.74,3,5,5,355,Loyal Customers,1,False
5769,18179,9,8,2547.55,5,5,4,554,Champions,1,False
5770,18180,5,6,1843.75,5,4,4,544,Champions,1,False
5771,18181,24,5,1188.34,4,4,3,443,Loyal Customers,1,False
5772,18182,463,1,291.13,1,2,2,122,At Risk,0,True
5773,18183,227,2,632.07,2,3,3,233,At Risk,1,True
5774,18184,15,1,49.8,5,2,1,521,Potential Loyalists,1,False
5775,18185,249,1,304.25,2,2,2,222,At Risk,1,True
5776,18186,723,1,329.58,1,2,2,122,At Risk,0,True
5777,18187,632,1,724.89,1,2,3,123,At Risk,0,True
5778,18188,15,6,3280.59,5,4,5,545,Champions,1,False
5779,18189,78,3,1403.73,3,3,4,334,Potential Loyalists,1,False
5780,18190,192,5,745.62,2,4,3,243,At Risk,1,True
5781,18191,262,2,529.4,2,3,2,232,At Risk,0,True
5782,18192,72,1,957.97,3,2,3,323,Potential Loyalists,1,False
5783,18193,165,3,1207.35,3,3,3,333,Potential Loyalists,1,False
5784,18194,82,6,4162.04,3,4,5,345,Loyal Customers,1,False
5785,18195,387,1,101.16,2,2,1,221,Hibernating,0,True
5786,18196,95,4,1457.19,3,4,4,344,Loyal Customers,1,False
5787,18197,576,1,230.1,1,2,1,121,Hibernating,0,True
5788,18198,4,17,5425.56,5,5,5,555,Champions,1,False
5789,18199,684,1,344.75,1,2,2,122,At Risk,0,True
5790,18200,106,1,150.35,3,2,1,321,Potential Loyalists,1,False
5791,18201,723,1,447.53000000000003,1,2,2,122,At Risk,0,True
5792,18202,200,3,1396.99,2,3,4,234,At Risk,1,True
5793,18203,157,4,492.52,3,4,2,342,Loyal Customers,1,False
5794,18204,71,3,1975.35,3,3,4,334,Potential Loyalists,1,False
5795,18205,36,2,517.36,4,3,2,432,Potential Loyalists,1,False
5796,18206,553,1,314.65999999999997,1,2,2,122,At Risk,0,True
5797,18207,499,1,544.47,1,2,2,122,At Risk,0,True
5798,18208,566,1,360.08,1,2,2,122,At Risk,0,True
5799,18209,29,1,139.10000000000002,4,2,1,421,Potential Loyalists,1,False
5800,18210,2,7,2768.83,5,4,4,544,Champions,1,False
5801,18211,26,5,600.07,4,4,2,442,Loyal Customers,1,False
5802,18212,326,2,514.37,2,3,2,232,At Risk,0,True
5803,18213,237,1,232.48000000000002,2,2,1,221,Hibernating,1,True
5804,18214,531,4,1780.34,1,4,4,144,At Risk,0,True
5805,18215,89,5,2232.4900000000002,3,4,4,344,Loyal Customers,1,False
5806,18216,31,1,481.75,4,2,2,422,Potential Loyalists,1,False
5807,18217,29,4,945.04,4,4,3,443,Loyal Customers,1,False
5808,18218,211,4,1121.84,2,4,3,243,At Risk,1,True
5809,18219,3,17,3352.7000000000003,5,5,5,555,Champions,1,False
5810,18220,227,6,1921.76,2,4,4,244,At Risk,1,True
5811,18221,22,6,1424.94,4,4,4,444,Champions,1,False
5812,18222,93,1,443.0,3,2,2,322,Potential Loyalists,1,False
5813,18223,5,26,14000.85,5,5,5,555,Champions,1,False
5814,18224,264,1,158.95000000000002,2,2,1,221,Hibernating,0,True
5815,18225,3,26,13014.8,5,5,5,555,Champions,1,False
5816,18226,44,26,11878.88,4,5,5,455,Champions,1,False
5817,18227,218,2,388.75,2,3,2,232,At Risk,1,True
5818,18228,57,2,779.9,4,3,3,433,Potential Loyalists,1,False
5819,18229,12,28,10150.51,5,5,5,555,Champions,1,False
5820,18230,9,9,4291.06,5,5,5,555,Champions,1,False
5821,18231,192,28,6854.17,2,5,5,255,At Risk,1,True
5822,18232,82,4,592.97,3,4,2,342,Loyal Customers,1,False
5823,18233,326,1,440.0,2,2,2,222,At Risk,0,True
5824,18234,552,1,179.6,1,2,1,121,Hibernating,0,True
5825,18235,72,3,1796.48,3,3,4,334,Potential Loyalists,1,False
5826,18236,30,12,1795.3500000000001,4,5,4,454,Champions,1,False
5827,18237,3,5,987.1,5,4,3,543,Loyal Customers,1,False
5828,18238,515,1,270.92,1,2,1,121,Hibernating,0,True
5829,18239,219,6,1712.26,2,4,4,244,At Risk,1,True
5830,18240,46,1,422.58,4,2,2,422,Potential Loyalists,1,False
5831,18241,10,21,2986.9900000000002,5,5,5,555,Champions,1,False
5832,18242,72,8,3605.21,3,5,5,355,Loyal Customers,1,False
5833,18243,414,1,515.78,1,2,2,122,At Risk,0,True
5834,18244,431,2,568.64,1,3,2,132,At Risk,0,True
5835,18245,7,20,6324.9800000000005,5,5,5,555,Champions,1,False
5836,18246,24,3,758.8199999999999,4,3,3,433,Potential Loyalists,1,False
5837,18247,415,3,839.73,1,3,3,133,At Risk,0,True
5838,18248,123,2,804.02,3,3,3,333,Potential Loyalists,1,False
5839,18249,17,1,95.34,5,2,1,521,Potential Loyalists,1,False
5840,18250,310,1,349.27,2,2,2,222,At Risk,0,True
5841,18251,87,9,26278.86,3,5,5,355,Loyal Customers,1,False
5842,18252,51,7,1533.69,4,4,4,444,Champions,1,False
5843,18253,643,1,317.88,1,2,2,122,At Risk,0,True
5844,18254,581,1,267.9,1,2,1,121,Hibernating,0,True
5845,18255,89,2,303.15,3,3,2,332,Potential Loyalists,1,False
5846,18256,388,1,110.7,2,2,1,221,Hibernating,0,True
5847,18257,39,12,4600.15,4,5,5,455,Champions,1,False
5848,18258,464,6,2059.67,1,4,4,144,At Risk,0,True
5849,18259,25,7,3941.9,4,4,5,445,Champions,1,False
5850,18260,173,23,9947.26,3,5,5,355,Loyal Customers,1,False
5851,18261,43,2,324.24,4,3,2,432,Potential Loyalists,1,False
5852,18262,140,3,577.54,3,3,2,332,Potential Loyalists,1,False
5853,18263,26,3,1213.1599999999999,4,3,3,433,Potential Loyalists,1,False
5854,18264,499,1,603.25,1,2,2,122,At Risk,0,True
5855,18265,72,2,801.51,3,3,3,333,Potential Loyalists,1,False
5856,18266,434,1,251.1,1,2,1,121,Hibernating,0,True
5857,18267,673,1,269.37,1,2,1,121,Hibernating,0,True
5858,18268,134,6,1490.23,3,4,4,344,Loyal Customers,1,False
5859,18269,366,1,168.6,2,2,1,221,Hibernating,0,True
5860,18270,38,3,444.55,4,3,2,432,Potential Loyalists,1,False
5861,18271,610,2,680.85,1,3,3,133,At Risk,0,True
5862,18272,3,9,4385.9800000000005,5,5,5,555,Champions,1,False
5863,18273,2,4,357.0,5,4,2,542,Loyal Customers,1,False
5864,18274,30,1,175.92,4,2,1,421,Potential Loyalists,1,False
5865,18275,578,2,741.85,1,3,3,133,At Risk,0,True
5866,18276,44,6,1656.52,4,4,4,444,Champions,1,False
5867,18277,58,5,1180.05,4,4,3,443,Loyal Customers,1,False
5868,18278,74,2,414.20000000000005,3,3,2,332,Potential Loyalists,1,False
5869,18279,519,1,231.33999999999997,1,2,1,121,Hibernating,0,True
5870,18280,278,2,488.15000000000003,2,3,2,232,At Risk,0,True
5871,18281,181,2,201.14,3,3,1,331,Potential Loyalists,1,True
5872,18282,8,2,178.05,5,3,1,531,Potential Loyalists,1,False
5873,18283,4,22,2664.9,5,5,4,554,Champions,1,False
5874,18284,432,1,461.68,1,2,2,122,At Risk,0,True
5875,18285,661,1,427.0,1,2,2,122,At Risk,0,True
5876,18286,477,2,1296.43,1,3,4,134,At Risk,0,True
5877,18287,43,7,4182.99,4,4,5,445,Champions,1,False
